0 0.24621462264150942 0.5021875 0.02380896226415094 0.31233333333333324
0 0.48915094339622645 0.6045625 0.01234669811320758 0.09683333333333337
0 0.1953066037735849 0.4192708333333333 0.0429952830188679 0.20087500000000003
0 0.5444929245283019 0.5473333333333333 0.026627358490566085 0.33562500000000006
0 0.6020165094339622 0.5499375000000001 0.02581367924528307 0.38250000000000006
0 0.6398938679245283 0.5648125 0.07081367924528296 0.3886874999999999
0 0.7009316037735849 0.5799166666666667 0.04932783018867916 0.437
0 0.6879834905660377 0.856 0.3023466981132076 0.1105625000000001
0 0.9519693396226415 0.6301875 0.03970518867924537 0.6770208333333334
0 0.8688089622641509 0.6699166666666667 0.021037735849056508 0.09166666666666666
0 0.9399174528301886 0.6847083333333334 0.016615566037735754 0.10672916666666671
0 0.8211556603773585 0.4465208333333334 0.04160377358490563 0.23181250000000003
0 0.8699056603773584 0.4174166666666667 0.03247641509433958 0.21345833333333328
0 0.9128183962264151 0.2818125 0.03420990566037735 0.18500000000000003
0 0.9392334905660378 0.2667083333333334 0.03268867924528305 0.19829166666666667
0 0.7123231132075472 0.2417083333333333 0.028007075471698114 0.16093749999999998
0 0.6832429245283018 0.230875 0.020106132075471645 0.1682708333333333
0 0.5129127358490566 0.26941666666666664 0.005530660377358555 0.1420833333333333
0 0.4845518867924528 0.26275 0.018537735849056637 0.11968749999999997
0 0.43774764150943396 0.34975 0.007983490566037714 0.06543750000000005
0 0.40408018867924533 0.47622916666666665 0.008313679245282965 0.05572916666666667
0 0.3285731132075472 0.33275 0.02753537735849059 0.1673125
0 0.27505896226415094 0.28179166666666666 0.0517570754716981 0.20127083333333337
0 0.1902004716981132 0.26845833333333335 0.021509433962264162 0.14558333333333331