0 0.20581367924528302 0.4342916666666667 0.032393867924528266 0.31625000000000003
0 0.5274174528301887 0.5095 0.031497641509434 0.3797291666666666
0 0.46229952830188675 0.5469375 0.012712264150943365 0.12214583333333333
0 0.594504716981132 0.5147083333333333 0.036839622641509445 0.4387291666666667
0 0.6476886792452831 0.5892708333333334 0.06505896226415103 0.6440833333333335
0 0.7156014150943397 0.5245208333333333 0.05323113207547182 0.4838958333333334
0 0.7989622641509434 0.3476666666666667 0.04047169811320747 0.2529375
0 0.8484551886792453 0.35714583333333333 0.03380896226415103 0.2284375
0 0.9122169811320754 0.2271041666666667 0.035400943396226396 0.155
0 0.8861202830188679 0.23620833333333333 0.025165094339622544 0.1604583333333333
0 0.3921933962264151 0.2659166666666667 0.020141509433962312 0.06385416666666668
0 0.36159198113207547 0.4051666666666666 0.018290094339622632 0.0662083333333334
0 0.1282075471698113 0.359875 0.07838443396226413 0.17762499999999998
0 0.2666509433962264 0.2520833333333333 0.052747641509433986 0.20754166666666668
0 0.237122641509434 0.20818750000000003 0.038561320754716966 0.1708958333333333
0 0.864563679245283 0.6072500000000001 0.03417452830188682 0.11747916666666663
0 0.957004716981132 0.6422083333333333 0.023655660377358428 0.12604166666666666
0 0.9794339622641509 0.65 0.022205188679245196 0.12114583333333329