0 0.6318278301886792 0.7448750000000001 0.22182783018867933 0.12383333333333321
0 0.8469221698113208 0.5579583333333333 0.02753537735849046 0.5561249999999999
0 0.9760849056603774 0.7204375 0.02641509433962275 0.17820833333333325
0 0.9509669811320755 0.6395625 0.014115566037735882 0.12514583333333343
0 0.8312028301886792 0.5959375 0.01863207547169806 0.10856250000000003
0 0.7717570754716981 0.5826250000000001 0.013561320754716982 0.10183333333333332
0 0.7757311320754717 0.38016666666666665 0.023561320754717 0.1896666666666667
0 0.7351768867924527 0.3765208333333333 0.020389150943396182 0.1896458333333334
0 0.6382311320754718 0.5002708333333333 0.05413915094339632 0.3737291666666666
0 0.5504245283018868 0.482875 0.017995283018867915 0.3498333333333334
0 0.5818867924528301 0.50225 0.06451650943396224 0.3360208333333334
0 0.5003537735849056 0.48072916666666665 0.024492924528301867 0.2984375
0 0.4558018867924528 0.5359375 0.016403301886792416 0.11170833333333334
0 0.400813679245283 0.4244791666666667 0.08485849056603778 0.1967708333333333
0 0.38201650943396226 0.4201666666666667 0.01034198113207545 0.06133333333333333
0 0.22209905660377358 0.3781458333333333 0.03196933962264153 0.16208333333333336
0 0.3163325471698113 0.2946875 0.014327830188679218 0.16364583333333335
0 0.28390330188679247 0.2638125 0.02432783018867924 0.16893750000000005
0 0.19857311320754714 0.25677083333333334 0.0166981132075472 0.13491666666666666
0 0.8096580188679245 0.264125 0.023750000000000118 0.15325
0 0.8363207547169812 0.26489583333333333 0.030931603773584927 0.15116666666666667
0 0.6392924528301887 0.22122916666666667 0.02140330188679256 0.1363125
0 0.6139740566037736 0.2130625 0.021014150943396218 0.13987500000000003
0 0.46917452830188683 0.24091666666666667 0.015459905660377374 0.10139583333333331
0 0.4563561320754717 0.23600000000000002 0.025719339622641446 0.12418750000000003
0 0.3764268867924528 0.23543750000000002 0.01454009433962269 0.1447708333333333
0 0.4100471698113208 0.28539583333333335 0.017193396226415143 0.09433333333333331