0 0.36471698113207546 0.43002083333333324 0.025990566037735807 0.26039583333333327
0 0.38667452830188676 0.45325 0.01761792452830195 0.08225000000000003
0 0.4764858490566038 0.5887083333333333 0.03008254716981131 0.09589583333333328
0 0.5505070754716981 0.5391041666666666 0.034575471698113265 0.35718750000000005
0 0.6163325471698113 0.5333541666666667 0.025742924528301868 0.40547916666666667
0 0.6615094339622642 0.5585208333333332 0.07097877358490573 0.41777083333333326
0 0.6736320754716981 0.6362083333333334 0.0552240566037735 0.6419791666666667
0 0.7358372641509434 0.5788333333333333 0.05555424528301875 0.47289583333333335
0 0.8855660377358491 0.6638541666666666 0.02891509433962262 0.12664583333333326
0 0.9744929245283019 0.6864791666666666 0.018101415094339515 0.12114583333333329
0 0.8719221698113208 0.38218749999999996 0.032393867924528336 0.21004166666666665
0 0.8271462264150943 0.38547916666666665 0.02590801886792456 0.25104166666666666
0 0.904941037735849 0.24991666666666665 0.03076650943396217 0.19006249999999997
0 0.9374174528301886 0.2502083333333333 0.046485849056603856 0.18158333333333335
0 0.5164740566037737 0.3393125 0.017771226415094397 0.07354166666666669
0 0.4164268867924528 0.30724999999999997 0.0073820754716981025 0.056541666666666636
0 0.30562500000000004 0.30270833333333336 0.026757075471698144 0.1797083333333333
0 0.28041273584905657 0.3016875 0.05017688679245284 0.20485416666666664
0 0.25186320754716984 0.2732708333333333 0.06996462264150942 0.15160416666666662
0 0.1836438679245283 0.2471875 0.011474056603773606 0.12300000000000001
0 0.16090801886792452 0.22908333333333328 0.023408018867924537 0.13933333333333328
0 0.3844103773584906 0.22675 0.040766509433962324 0.15639583333333332
0 0.2365566037735849 0.47122916666666664 0.037299528301886785 0.2993541666666666