0 0.813679 0.731250 0.108491 0.479167
0 0.038915 0.621875 0.068396 0.506250
0 0.409788 0.444792 0.071934 0.297917
0 0.496462 0.418750 0.058962 0.325000
0 0.698113 0.710417 0.042453 0.387500
0 0.889741 0.763542 0.031840 0.472917
0 0.773958 0.734896 0.025521 0.416146
0 0.093750 0.450000 0.038915 0.225000
0 0.696875 0.725000 0.016667 0.367708
0 0.361458 0.651563 0.020313 0.301563
0 0.298438 0.562500 0.023958 0.203646
0 0.492335 0.667708 0.031840 0.147917
0 0.496354 0.620313 0.017188 0.246354
0 0.271226 0.415625 0.018868 0.168750