0 0.6177358490566038 0.5174375 0.05724056603773581 0.784875
0 0.766179245283019 0.7028125000000001 0.01575471698113196 0.21902083333333333
0 0.6915448113207546 0.5762291666666666 0.026438679245283106 0.16875
0 0.5565094339622642 0.5177291666666667 0.025047169811320765 0.14233333333333326
0 0.5328537735849057 0.5204791666666666 0.017724056603773554 0.1405833333333333
0 0.4434080188679245 0.4947916666666667 0.019292452830188694 0.10735416666666661
0 0.23130896226415096 0.48543749999999997 0.05040094339622642 0.6502291666666667
0 0.11491745283018868 0.38791666666666663 0.02679245283018868 0.35916666666666663
0 0.3747641509433962 0.22752083333333334 0.03481132075471696 0.2449166666666667
0 0.4255896226415094 0.22545833333333334 0.03083726415094337 0.2317083333333333
0 0.718242924528302 0.18497916666666667 0.031650943396226316 0.21958333333333335
0 0.48785377358490567 0.08739583333333334 0.028219339622641452 0.17477083333333338
0 0.46338443396226414 0.09454166666666668 0.025400943396226373 0.18908333333333335
0 0.07330188679245282 0.19239583333333332 0.01636792452830188 0.060499999999999984
0 0.038596698113207546 0.4308125 0.014634433962264147 0.10075000000000003