0 0.30648584905660375 0.6457083333333333 0.029492924528301875 0.30229166666666674
0 0.4336202830188679 0.5998125000000001 0.017146226415094296 0.26845833333333335
0 0.457063679245283 0.6296041666666666 0.009693396226415126 0.06535416666666667
0 0.5427004716981132 0.7519375 0.017924528301886847 0.10712499999999991
0 0.6017570754716981 0.7027083333333334 0.020165094339622668 0.3492708333333333
0 0.6531957547169811 0.6973958333333333 0.03075471698113199 0.4002291666666667
0 0.6969103773584906 0.709375 0.06793632075471687 0.41875
0 0.7586438679245283 0.7267916666666667 0.052959905660377456 0.4970833333333334
0 0.8794693396226415 0.571375 0.022877358490566144 0.23152083333333331
0 0.9268514150943397 0.5731041666666666 0.0274056603773585 0.2096041666666667
0 0.9194103773584905 0.8230416666666667 0.013561320754716982 0.0917083333333333
0 0.9911556603773585 0.8395833333333333 0.01768867924528302 0.125
0 0.7687971698113208 0.382 0.025094339622641477 0.149875
0 0.7413679245283018 0.379625 0.019445754716981144 0.1578125
0 0.5428066037735849 0.4110833333333333 0.01198113207547166 0.12468750000000005
0 0.5707783018867925 0.4109375 0.016662735849056597 0.12441666666666672
0 0.45370283018867924 0.40537500000000004 0.024504716981132043 0.15856250000000002
0 0.4921933962264151 0.4994166666666667 0.010224056603773537 0.05135416666666662
0 0.5857075471698113 0.5273333333333333 0.0065330188679244856 0.051041666666666666
0 0.5910849056603774 0.5266875 0.009080188679245337 0.06968750000000004
0 0.25495283018867926 0.5426041666666667 0.017700471698113198 0.2102291666666666
0 0.3923938679245283 0.481375 0.02083726415094335 0.20910416666666667
0 0.3807311320754717 0.4750625 0.00981132075471704 0.18562499999999993
0 0.3557547169811321 0.4166666666666667 0.009091981132075514 0.18479166666666663
0 0.0629127358490566 0.4458125 0.015094339622641506 0.1959583333333333
0 0.10464622641509433 0.4292708333333334 0.01857311320754717 0.13027083333333328