0 0.4057193396226415 0.4910625 0.029033018867924535 0.2756041666666667
0 0.42626179245283025 0.4960833333333333 0.0045047169811321345 0.08091666666666673
0 0.5274528301886792 0.6363541666666667 0.014091981132075526 0.10060416666666659
0 0.5906603773584905 0.5799583333333334 0.03490566037735845 0.3555624999999999
0 0.5589858490566038 0.3895 0.01972877358490568 0.07793750000000005
0 0.4576179245283019 0.35535416666666664 0.016957547169811314 0.07666666666666669
0 0.277688679245283 0.5298125 0.02830188679245283 0.31868750000000007
0 0.22537735849056603 0.4375625 0.02520047169811321 0.1976041666666666
0 0.2015566037735849 0.2795625 0.01858490566037735 0.15695833333333337
0 0.4223702830188679 0.2768333333333333 0.034646226415094336 0.16418750000000001
0 0.6543867924528302 0.5945833333333332 0.029044811320754847 0.42287500000000006
0 0.7044221698113208 0.5978958333333334 0.07064858490566048 0.39866666666666667
0 0.7165212264150943 0.6816041666666667 0.05383254716981143 0.6367708333333333
0 0.7730542452830188 0.6149791666666666 0.07667452830188677 0.5016875000000001
0 0.8611320754716981 0.4387708333333334 0.03029481132075478 0.22354166666666664
0 0.9236792452830188 0.7014166666666667 0.03132075471698107 0.10752083333333336
0 0.7331603773584906 0.2568125 0.04713443396226418 0.21652083333333338
0 0.7011674528301887 0.2310625 0.027240566037735742 0.17408333333333334