0 0.47297169811320755 0.46662499999999996 0.01588443396226418 0.1922916666666667
0 0.5078655660377359 0.4876666666666667 0.00978773584905655 0.04595833333333334
0 0.5202594339622642 0.5229791666666667 0.011002358490566086 0.049583333333333354
0 0.637252358490566 0.5449583333333333 0.014245283018867839 0.04460416666666666
0 0.8433962264150944 0.4979375 0.023549528301886825 0.29662499999999997
0 0.9460731132075472 0.4640625 0.015613207547169822 0.10747916666666674
0 0.9304009433962265 0.46479166666666666 0.01708726415094341 0.13791666666666663
0 0.8616391509433962 0.4484791666666667 0.011827830188679214 0.09804166666666667
0 0.43392688679245284 0.4028958333333333 0.009575471698113213 0.06122916666666664
0 0.4473820754716981 0.40402083333333333 0.010849056603773638 0.06710416666666662
0 0.447063679245283 0.47475 0.005082547169811257 0.03283333333333331
0 0.4041509433962264 0.5333958333333333 0.06793632075471699 0.021500000000000043
0 0.1677358490566038 0.44077083333333333 0.019646226415094368 0.0953125
0 0.1448938679245283 0.448125 0.011886792452830204 0.08647916666666665
0 0.10459905660377358 0.4224583333333333 0.0071933962264150875 0.08587499999999994
0 0.08753537735849057 0.4279791666666667 0.01920990566037735 0.07695833333333332
0 0.265683962264151 0.42304166666666665 0.009433962264150943 0.08699999999999998
0 0.30715801886792454 0.4202708333333333 0.015459905660377374 0.07604166666666666
0 0.34588443396226415 0.4500208333333333 0.022158018867924484 0.07577083333333334
0 0.25096698113207544 0.39639583333333334 0.009716981132075482 0.07358333333333332
0 0.3940448113207547 0.44395833333333334 0.01081367924528297 0.11075000000000006