0 0.4869929245283019 0.6380416666666666 0.024445754716981155 0.2507083333333334
0 0.35676886792452833 0.6793750000000001 0.029563679245283078 0.29897916666666663
0 0.6050235849056603 0.7733125 0.02259433962264154 0.11543749999999993
0 0.6749528301886792 0.7339166666666667 0.02095518867924526 0.3645625
0 0.302936320754717 0.5868125000000001 0.025471698113207573 0.18810416666666666
0 0.43265330188679246 0.4817083333333333 0.03574292452830182 0.20074999999999996
0 0.3987382075471698 0.44618749999999996 0.01918632075471696 0.15687500000000001
0 0.28014150943396227 0.438 0.02090801886792455 0.14593750000000003
0 0.5383018867924528 0.5169374999999999 0.02554245283018864 0.05925000000000005
0 0.5000471698113208 0.4197916666666667 0.025943396226415096 0.16566666666666663
0 0.5815683962264151 0.4155208333333333 0.014658018867924468 0.1408333333333334
0 0.6098702830188679 0.4144583333333333 0.0189504716981132 0.10968749999999995
0 0.6408254716981132 0.5409791666666667 0.01935141509433972 0.07470833333333336
0 0.7860731132075472 0.38364583333333335 0.0206839622641509 0.15679166666666663
0 0.8233844339622641 0.372375 0.044021226415094254 0.1632291666666667
0 0.949186320754717 0.5737291666666666 0.04132075471698109 0.2543541666666667
0 0.9901533018867924 0.5621875000000001 0.01969339622641515 0.2113333333333334
0 0.740754716981132 0.7447291666666668 0.026438679245283106 0.44960416666666664
0 0.8669457547169811 0.7531666666666667 0.07064858490566048 0.49366666666666675
0 0.7975 0.7459166666666667 0.04044811320754712 0.5081458333333333
0 0.7761084905660377 0.7297708333333334 0.09301886792452817 0.4197083333333334