0 0.42785377358490567 0.5426041666666667 0.018950471698113265 0.2482708333333333
0 0.29071933962264157 0.5700416666666667 0.023608490566037747 0.27958333333333335
0 0.531568396226415 0.6772916666666667 0.018207547169811385 0.08466666666666664
0 0.5879952830188679 0.6278541666666667 0.022382075471698133 0.34266666666666673
0 0.647311320754717 0.6259791666666668 0.018985849056603665 0.3823958333333333
0 0.6844575471698112 0.6212083333333334 0.07071933962264154 0.3909791666666666
0 0.7514622641509434 0.6429791666666667 0.06732311320754707 0.4435833333333333
0 0.9146816037735849 0.745625 0.02152122641509434 0.10358333333333339
0 0.9853891509433963 0.7655625 0.023490566037735933 0.12712499999999996
0 0.8676415094339622 0.5020833333333333 0.034091981132075566 0.23602083333333332
0 0.9187382075471698 0.49322916666666666 0.027582547169811438 0.19481249999999997
0 0.4836084905660378 0.4211875 0.022806603773584944 0.061604166666666654
0 0.5782547169811321 0.45733333333333337 0.021356132075471716 0.06320833333333328
0 0.4491509433962264 0.5494375 0.00823113207547172 0.06083333333333337
0 0.3104009433962264 0.37693750000000004 0.0660377358490566 0.13793749999999996
0 0.451438679245283 0.33845833333333336 0.04458726415094347 0.14972916666666666
0 0.23201650943396226 0.34962499999999996 0.016945754716981138 0.1358333333333333
0 0.26172169811320756 0.358875 0.01586084905660376 0.12900000000000003
0 0.05200471698113208 0.39139583333333333 0.026084905660377362 0.18495833333333328
0 0.08994103773584905 0.36425 0.021957547169811326 0.12160416666666668
0 0.9611910377358491 0.35525 0.026367924528301768 0.21774999999999997
0 0.9850235849056603 0.36054166666666665 0.029941037735849173 0.19756249999999997
0 0.7568750000000001 0.30685416666666665 0.027889150943396335 0.15718749999999998
0 0.7314150943396227 0.314375 0.014917452830188787 0.1558958333333333
0 0.5525825471698113 0.34625 0.015129716981132123 0.1254791666666667
0 0.5302240566037736 0.3375833333333333 0.016568396226415042 0.12445833333333335
0 0.36163915094339627 0.39925 0.038290094339622674 0.22060416666666663
0 0.7550471698113207 0.9284583333333334 0.23958726415094347 0.09241666666666669