0 0.6124764150943396 0.6283541666666667 0.022134433962264128 0.38531250000000006
0 0.6763561320754716 0.6370208333333333 0.03912735849056611 0.40993749999999995
0 0.7401297169811321 0.7033541666666667 0.062087264150943504 0.5932916666666667
0 0.7869811320754717 0.6546458333333334 0.017370283018867946 0.4777708333333334
0 0.4304127358490566 0.5310833333333334 0.026132075471698074 0.2505833333333334
0 0.2941627358490566 0.56625 0.023325471698113175 0.30277083333333343
0 0.2428183962264151 0.4824583333333334 0.018030660377358516 0.20224999999999996
0 0.5462971698113207 0.6762708333333334 0.017948113207547203 0.10797916666666675
0 0.5815683962264151 0.44116666666666665 0.019775943396226393 0.06531250000000005
0 0.33790094339622645 0.33239583333333333 0.02056603773584912 0.18654166666666672
0 0.2269457547169811 0.3425 0.021155660377358488 0.14333333333333337
0 0.9560259433962265 0.7442291666666667 0.023207547169811396 0.10441666666666667
0 0.9322051886792453 0.46954166666666663 0.04119103773584913 0.21083333333333337
0 0.8852948113207547 0.47764583333333344 0.03351415094339631 0.25600000000000006
0 0.9716509433962265 0.3281041666666667 0.036002358490566 0.1960416666666667
0 0.47787735849056606 0.40860416666666666 0.01851415094339628 0.0635833333333333
0 0.37129716981132077 0.38497916666666665 0.023761792452830163 0.25364583333333335