0 0.3304481132075472 0.58 0.033337264150943374 0.2886249999999999
0 0.4665566037735849 0.5323749999999999 0.02048349056603774 0.24772916666666672
0 0.4875589622641509 0.5390625 0.011214622641509422 0.078125
0 0.586627358490566 0.6827083333333334 0.012464622641509493 0.1027500000000001
0 0.6506839622641509 0.6242083333333334 0.0195754716981131 0.34262500000000007
0 0.7157900943396227 0.6369791666666667 0.02468160377358498 0.3772291666666666
0 0.7806603773584906 0.7072916666666667 0.04481132075471698 0.5854166666666667
0 0.8397169811320755 0.6699375 0.06540094339622646 0.5083749999999999
0 0.9191037735849056 0.48133333333333334 0.04062500000000006 0.2271666666666667
0 0.9723231132075472 0.4605208333333334 0.0322169811320754 0.24529166666666669
0 0.9887971698113207 0.7354166666666667 0.02240566037735849 0.15416666666666667
0 0.618879716981132 0.4400833333333333 0.017499999999999905 0.08125
0 0.5168396226415094 0.40825 0.013384433962264177 0.05562499999999997
0 0.41470518867924533 0.38316666666666666 0.026497641509433994 0.17756250000000004
0 0.37327830188679245 0.339125 0.01849056603773579 0.1746458333333333
0 0.2551179245283019 0.3559791666666667 0.010849056603773572 0.12318749999999999
0 0.28547169811320755 0.34810416666666666 0.006945754716981116 0.11829166666666673
0 0.4738443396226415 0.319 0.03396226415094334 0.15939583333333332