0 0.12109375 0.6234375 0.015625 0.28984375
0 0.18515625 0.6234375 0.04140625 0.2671875
0 0.29453125 0.61953125 0.02109375 0.19140625
0 0.26484375 0.61640625 0.02578125 0.184375
0 0.52109375 0.52109375 0.0359375 0.14296875
0 0.4953125 0.5265625 0.0171875 0.17109375
0 0.8 0.55703125 0.0203125 0.1296875
0 0.83046875 0.54375 0.0328125 0.1203125
0 0.80859375 0.6921875 0.0328125 0.31328125
0 0.86015625 0.6875 0.02734375 0.315625
0 0.48984375 0.28203125 0.02109375 0.1109375
0 0.46796875 0.28828125 0.0171875 0.08984375
0 0.26171875 0.2859375 0.01640625 0.11484375
0 0.2421875 0.28359375 0.015625 0.10859375
0 0.04609375 0.1984375 0.01953125 0.0875
0 0.0265625 0.19453125 0.00859375 0.1078125