0 0.46130896226415097 0.6010416666666667 0.017158018867924476 0.261875
0 0.4817570754716981 0.6154375000000001 0.017051886792452873 0.06599999999999989
0 0.5637146226415094 0.7448958333333333 0.023054245283018814 0.10031249999999996
0 0.3299292452830188 0.638125 0.03946933962264154 0.30343749999999997
0 0.28420990566037735 0.5557916666666666 0.021863207547169836 0.21847916666666667
0 0.08786556603773585 0.4527916666666666 0.023962264150943387 0.17914583333333328
0 0.47773584905660377 0.3986458333333333 0.0223466981132076 0.15054166666666666
0 0.5119693396226415 0.48650000000000004 0.014905660377358474 0.06177083333333329
0 0.6061792452830188 0.5190416666666666 0.010554245283018921 0.05256250000000004
0 0.6273349056603774 0.6936458333333333 0.03748820754716977 0.3383749999999999
0 0.6804599056603773 0.6926458333333334 0.02069575471698108 0.40522916666666664
0 0.7163325471698114 0.7109791666666666 0.06474056603773595 0.4291875
0 0.7765094339622641 0.7207083333333333 0.05998820754716968 0.4721874999999999
0 0.8998584905660378 0.5640625 0.039056603773584775 0.25672916666666673
0 0.9521933962264152 0.5559583333333333 0.02886792452830191 0.22062499999999996
0 0.9455070754716981 0.8110833333333333 0.012417452830188648 0.09862500000000006
0 0.7927122641509434 0.3717916666666667 0.025754716981131978 0.17112499999999997
0 0.7645165094339622 0.3767916666666667 0.014469339622641488 0.17022916666666663