0 0.44649764150943394 0.5673541666666666 0.009080188679245337 0.2452291666666667
0 0.4678183962264151 0.5768958333333334 0.008643867924528351 0.06681250000000011
0 0.553691037735849 0.706875 0.011191037735849067 0.09852083333333325
0 0.6079834905660378 0.6575624999999999 0.009044811320754735 0.3259791666666667
0 0.3159433962264151 0.5918958333333334 0.028926886792452797 0.29972916666666666
0 0.2695400943396226 0.509 0.015082547169811346 0.21727083333333333
0 0.24354952830188678 0.37287499999999996 0.01949292452830192 0.14612499999999998
0 0.27808962264150944 0.37766666666666665 0.020896226415094372 0.11762499999999995
0 0.36501179245283016 0.3798333333333333 0.010165094339622647 0.1727083333333333
0 0.3889504716981132 0.4235625 0.009858490566037752 0.18591666666666667
0 0.4037971698113208 0.43345833333333333 0.021084905660377355 0.1712708333333333
0 0.5008018867924529 0.4469583333333333 0.016167452830188722 0.058749999999999976
0 0.5922169811320754 0.47754166666666664 0.009280660377358496 0.058333333333333334
0 0.600625 0.48722916666666666 0.009705188679245238 0.050520833333333334
0 0.550188679245283 0.3702916666666667 0.01650943396226415 0.11739583333333338
0 0.576497641509434 0.370375 0.011698113207547121 0.12660416666666663
0 0.7481957547169812 0.3415625 0.014634433962264248 0.15233333333333335
0 0.7742570754716982 0.33877083333333335 0.028832547169811373 0.1521666666666667
0 0.8912146226415094 0.5243333333333333 0.021757075471698167 0.22981250000000006
0 0.9747759433962264 0.42127083333333337 0.02686320754716978 0.12877083333333333
0 0.07719339622641509 0.4219375 0.015955188679245284 0.1627291666666667
0 0.7701650943396227 0.9700416666666667 0.24214622641509426 0.0578125
0 0.9255542452830189 0.7685833333333334 0.01969339622641515 0.11143750000000002
0 0.6640801886792452 0.6544791666666666 0.028926886792452797 0.3959166666666666
0 0.7036674528301887 0.6631874999999999 0.07632075471698116 0.39704166666666674
0 0.7677122641509434 0.6784583333333334 0.0567452830188678 0.45293749999999994