0 0.416741 0.776022 0.027133 0.260489 0.416741 0.906267 2 0.416741 0.645778 2
0 0.160598 0.792308 0.022783 0.247743 0.160598 0.916180 2 0.160598 0.668437 2
0 0.137588 0.676848 0.021208 0.203758 0.137588 0.778727 2 0.137588 0.574969 2
0 0.224544 0.738654 0.012581 0.228237 0.224544 0.852773 2 0.224544 0.624535 2
0 0.237086 0.727493 0.017029 0.214413 0.237086 0.834700 2 0.237086 0.620287 2
0 0.280577 0.703244 0.027821 0.197070 0.280577 0.801779 2 0.280577 0.604709 2
0 0.396384 0.612180 0.013402 0.165057 0.396384 0.694708 2 0.396384 0.529651 2
0 0.438239 0.551837 0.016161 0.126510 0.438239 0.615092 2 0.438239 0.488582 2
0 0.482254 0.525663 0.012128 0.127976 0.482254 0.589651 2 0.482254 0.461675 2
0 0.491296 0.529375 0.011164 0.143897 0.491296 0.601323 2 0.491296 0.457426 2
0 0.528127 0.494485 0.011809 0.133597 0.528127 0.561283 2 0.528127 0.427686 2