0 0.508392 0.863304 0.028279 0.121280 0.508392 0.923945 2 0.508392 0.802664 2
0 0.470045 0.854902 0.043538 0.173226 0.470045 0.941515 2 0.470045 0.768289 2
0 0.735084 0.591585 0.025724 0.165660 0.735084 0.674415 2 0.735084 0.508755 2
0 0.702347 0.591524 0.029215 0.175851 0.702347 0.679450 2 0.702347 0.503599 2
0 0.377516 0.600860 0.019400 0.129210 0.377516 0.665465 2 0.377516 0.536255 2
0 0.352099 0.601088 0.016459 0.119354 0.352099 0.660765 2 0.352099 0.541412 2
0 0.357934 0.499966 0.026214 0.137112 0.357934 0.568522 2 0.357934 0.431410 2
0 0.325405 0.497412 0.024373 0.145753 0.325405 0.570288 2 0.325405 0.424535 2
0 0.234474 0.577489 0.020672 0.154655 0.234474 0.654817 2 0.234474 0.500161 2
0 0.201432 0.575528 0.017806 0.164485 0.201432 0.657771 2 0.201432 0.493286 2
0 0.701185 0.404833 0.017312 0.156535 0.701185 0.483101 2 0.701185 0.326566 2
0 0.310816 0.336949 0.027763 0.123892 0.310816 0.398895 2 0.310816 0.275003 2
0 0.290054 0.334371 0.018805 0.129049 0.290054 0.398895 2 0.290054 0.269846 2
0 0.263915 0.325434 0.027830 0.128364 0.263915 0.389616 2 0.263915 0.261253 2
0 0.238944 0.329097 0.020033 0.128813 0.238944 0.393504 2 0.238944 0.264690 2
0 0.149455 0.308334 0.024964 0.128538 0.149455 0.372603 2 0.149455 0.244065 2
0 0.121524 0.313910 0.022742 0.129378 0.121524 0.378599 2 0.121524 0.249221 2
0 0.078499 0.867863 0.015236 0.085710 0.078499 0.910718 2 0.078499 0.825008 2
0 0.047330 0.876642 0.029525 0.079204 0.047330 0.916244 2 0.047330 0.837039 2
0 0.049793 0.385276 0.017211 0.124295 0.049793 0.447423 2 0.049793 0.323128 2
0 0.027093 0.390298 0.021619 0.144652 0.027093 0.462624 2 0.027093 0.317972 2