0 0.612476 0.628354 0.022134 0.385313 0.612476 0.821010 2 0.612476 0.435698 2
0 0.676356 0.637021 0.039127 0.409937 0.676356 0.841990 2 0.676356 0.432052 2
0 0.740130 0.703354 0.062087 0.593292 0.740130 1.000000 2 0.740130 0.406708 2
0 0.786981 0.654646 0.017370 0.477771 0.786981 0.893531 2 0.786981 0.415760 2
0 0.430413 0.531083 0.026132 0.250583 0.430413 0.656375 2 0.430413 0.405792 2
0 0.294163 0.566250 0.023325 0.302771 0.294163 0.717635 2 0.294163 0.414865 2
0 0.242818 0.482458 0.018031 0.202250 0.242818 0.583583 2 0.242818 0.381333 2
0 0.546297 0.676271 0.017948 0.107979 0.546297 0.730260 2 0.546297 0.622281 2
0 0.581568 0.441167 0.019776 0.065313 0.581568 0.473823 2 0.581568 0.408510 2
0 0.337901 0.332396 0.020566 0.186542 0.337901 0.425667 2 0.337901 0.239125 2
0 0.226946 0.342500 0.021156 0.143333 0.226946 0.414167 2 0.226946 0.270833 2
0 0.956026 0.744229 0.023208 0.104417 0.956026 0.796438 2 0.956026 0.692021 2
0 0.932205 0.469542 0.041191 0.210833 0.932205 0.574958 2 0.932205 0.364125 2
0 0.885295 0.477646 0.033514 0.256000 0.885295 0.605646 2 0.885295 0.349646 2
0 0.971651 0.328104 0.036002 0.196042 0.971651 0.426125 2 0.971651 0.230083 2
0 0.477877 0.408604 0.018514 0.063583 0.477877 0.440396 2 0.477877 0.376812 2
0 0.371297 0.384979 0.023762 0.253646 0.371297 0.511802 2 0.371297 0.258156 2