0 0.205814 0.434292 0.032394 0.316250 0.205814 0.592417 2 0.205814 0.276167 2
0 0.527417 0.509500 0.031498 0.379729 0.527417 0.699365 2 0.527417 0.319635 2
0 0.462300 0.546937 0.012712 0.122146 0.462300 0.608010 2 0.462300 0.485865 2
0 0.594505 0.514708 0.036840 0.438729 0.594505 0.734073 2 0.594505 0.295344 2
0 0.647689 0.589271 0.065059 0.644083 0.647689 0.911313 2 0.647689 0.267229 2
0 0.715601 0.524521 0.053231 0.483896 0.715601 0.766469 2 0.715601 0.282573 2
0 0.798962 0.347667 0.040472 0.252937 0.798962 0.474135 2 0.798962 0.221198 2
0 0.848455 0.357146 0.033809 0.228437 0.848455 0.471365 2 0.848455 0.242927 2
0 0.912217 0.227104 0.035401 0.155000 0.912217 0.304604 2 0.912217 0.149604 2
0 0.886120 0.236208 0.025165 0.160458 0.886120 0.316437 2 0.886120 0.155979 2
0 0.392193 0.265917 0.020142 0.063854 0.392193 0.297844 2 0.392193 0.233990 2
0 0.361592 0.405167 0.018290 0.066208 0.361592 0.438271 2 0.361592 0.372062 2
0 0.128208 0.359875 0.078384 0.177625 0.128208 0.448688 2 0.128208 0.271062 2
0 0.266651 0.252083 0.052748 0.207542 0.266651 0.355854 2 0.266651 0.148312 2
0 0.237123 0.208188 0.038561 0.170896 0.237123 0.293635 2 0.237123 0.122740 2
0 0.864564 0.607250 0.034175 0.117479 0.864564 0.665990 2 0.864564 0.548510 2
0 0.957005 0.642208 0.023656 0.126042 0.957005 0.705229 2 0.957005 0.579187 2
0 0.979434 0.650000 0.022205 0.121146 0.979434 0.710573 2 0.979434 0.589427 2