0 0.405719 0.491063 0.029033 0.275604 0.405719 0.628865 2 0.405719 0.353260 2
0 0.426262 0.496083 0.004505 0.080917 0.426262 0.536542 2 0.426262 0.455625 2
0 0.527453 0.636354 0.014092 0.100604 0.527453 0.686656 2 0.527453 0.586052 2
0 0.590660 0.579958 0.034906 0.355562 0.590660 0.757740 2 0.590660 0.402177 2
0 0.558986 0.389500 0.019729 0.077938 0.558986 0.428469 2 0.558986 0.350531 2
0 0.457618 0.355354 0.016958 0.076667 0.457618 0.393687 2 0.457618 0.317021 2
0 0.277689 0.529813 0.028302 0.318688 0.277689 0.689156 2 0.277689 0.370469 2
0 0.225377 0.437563 0.025200 0.197604 0.225377 0.536365 2 0.225377 0.338760 2
0 0.201557 0.279562 0.018585 0.156958 0.201557 0.358042 2 0.201557 0.201083 2
0 0.422370 0.276833 0.034646 0.164188 0.422370 0.358927 2 0.422370 0.194740 2
0 0.654387 0.594583 0.029045 0.422875 0.654387 0.806021 2 0.654387 0.383146 2
0 0.704422 0.597896 0.070649 0.398667 0.704422 0.797229 2 0.704422 0.398563 2
0 0.716521 0.681604 0.053833 0.636771 0.716521 0.999990 2 0.716521 0.363219 2
0 0.773054 0.614979 0.076675 0.501688 0.773054 0.865823 2 0.773054 0.364135 2
0 0.861132 0.438771 0.030295 0.223542 0.861132 0.550542 2 0.861132 0.327000 2
0 0.923679 0.701417 0.031321 0.107521 0.923679 0.755177 2 0.923679 0.647656 2
0 0.733160 0.256812 0.047134 0.216521 0.733160 0.365073 2 0.733160 0.148552 2
0 0.701167 0.231063 0.027241 0.174083 0.701167 0.318104 2 0.701167 0.144021 2