0 0.694304 0.704625 0.075259 0.356562 0.694304 0.882906 2 0.694304 0.526344 2
0 0.658561 0.696646 0.017901 0.373375 0.658561 0.883333 2 0.658561 0.509958 2
0 0.601592 0.694604 0.023950 0.342104 0.601592 0.865656 2 0.601592 0.523552 2
0 0.758856 0.718250 0.058526 0.463667 0.758856 0.950083 2 0.758856 0.486417 2
0 0.923373 0.816937 0.033797 0.103104 0.923373 0.868490 2 0.923373 0.765385 2
0 0.883196 0.562375 0.030330 0.244312 0.883196 0.684531 2 0.883196 0.440219 2
0 0.927512 0.570500 0.033844 0.204396 0.927512 0.672698 2 0.927512 0.468302 2
0 0.435495 0.601437 0.020920 0.242708 0.435495 0.722792 2 0.435495 0.480083 2
0 0.460212 0.618229 0.010873 0.075250 0.460212 0.655854 2 0.460212 0.580604 2
0 0.545719 0.747875 0.012689 0.097187 0.545719 0.796469 2 0.545719 0.699281 2
0 0.303384 0.631125 0.026380 0.282187 0.303384 0.772219 2 0.303384 0.490031 2
0 0.264953 0.544187 0.024375 0.204313 0.264953 0.646344 2 0.264953 0.442031 2
0 0.387983 0.460875 0.028420 0.211583 0.387983 0.566667 2 0.387983 0.355083 2
0 0.353915 0.402750 0.023880 0.200417 0.353915 0.502958 2 0.353915 0.302542 2
0 0.456215 0.392333 0.029528 0.174146 0.456215 0.479406 2 0.456215 0.305260 2
0 0.493620 0.488875 0.017193 0.050229 0.493620 0.513990 2 0.493620 0.463760 2
0 0.588762 0.518792 0.017759 0.055687 0.588762 0.546635 2 0.588762 0.490948 2
0 0.065519 0.451354 0.025413 0.181687 0.065519 0.542198 2 0.065519 0.360510 2
0 0.767429 0.380958 0.029528 0.180396 0.767429 0.471156 2 0.767429 0.290760 2
0 0.739870 0.368104 0.023632 0.160125 0.739870 0.448167 2 0.739870 0.288042 2
0 0.975165 0.435021 0.019446 0.206979 0.975165 0.538510 2 0.975165 0.331531 2
0 0.990920 0.399646 0.018149 0.145313 0.990920 0.472302 2 0.990920 0.326990 2
0 0.246816 0.414187 0.017842 0.147208 0.246816 0.487792 2 0.246816 0.340583 2