0 0.486993 0.638042 0.024446 0.250708 0.486993 0.763396 2 0.486993 0.512687 2
0 0.356769 0.679375 0.029564 0.298979 0.356769 0.828865 2 0.356769 0.529885 2
0 0.605024 0.773312 0.022594 0.115437 0.605024 0.831031 2 0.605024 0.715594 2
0 0.674953 0.733917 0.020955 0.364563 0.674953 0.916198 2 0.674953 0.551635 2
0 0.302936 0.586813 0.025472 0.188104 0.302936 0.680865 2 0.302936 0.492760 2
0 0.432653 0.481708 0.035743 0.200750 0.432653 0.582083 2 0.432653 0.381333 2
0 0.398738 0.446187 0.019186 0.156875 0.398738 0.524625 2 0.398738 0.367750 2
0 0.280142 0.438000 0.020908 0.145938 0.280142 0.510969 2 0.280142 0.365031 2
0 0.538302 0.516937 0.025542 0.059250 0.538302 0.546562 2 0.538302 0.487312 2
0 0.500047 0.419792 0.025943 0.165667 0.500047 0.502625 2 0.500047 0.336958 2
0 0.581568 0.415521 0.014658 0.140833 0.581568 0.485937 2 0.581568 0.345104 2
0 0.609870 0.414458 0.018950 0.109687 0.609870 0.469302 2 0.609870 0.359615 2
0 0.640825 0.540979 0.019351 0.074708 0.640825 0.578333 2 0.640825 0.503625 2
0 0.786073 0.383646 0.020684 0.156792 0.786073 0.462042 2 0.786073 0.305250 2
0 0.823384 0.372375 0.044021 0.163229 0.823384 0.453990 2 0.823384 0.290760 2
0 0.949186 0.573729 0.041321 0.254354 0.949186 0.700906 2 0.949186 0.446552 2
0 0.990153 0.562188 0.019693 0.211333 0.990153 0.667854 2 0.990153 0.456521 2
0 0.740755 0.744729 0.026439 0.449604 0.740755 0.969531 2 0.740755 0.519927 2
0 0.866946 0.753167 0.070649 0.493667 0.866946 1.000000 2 0.866946 0.506333 2
0 0.797500 0.745917 0.040448 0.508146 0.797500 0.999990 2 0.797500 0.491844 2
0 0.776108 0.729771 0.093019 0.419708 0.776108 0.939625 2 0.776108 0.519917 2