0 0.631828 0.744875 0.221828 0.123833 0.631828 0.806792 2 0.631828 0.682958 2
0 0.846922 0.557958 0.027535 0.556125 0.846922 0.836021 2 0.846922 0.279896 2
0 0.976085 0.720437 0.026415 0.178208 0.976085 0.809542 2 0.976085 0.631333 2
0 0.950967 0.639563 0.014116 0.125146 0.950967 0.702135 2 0.950967 0.576990 2
0 0.831203 0.595938 0.018632 0.108563 0.831203 0.650219 2 0.831203 0.541656 2
0 0.771757 0.582625 0.013561 0.101833 0.771757 0.633542 2 0.771757 0.531708 2
0 0.775731 0.380167 0.023561 0.189667 0.775731 0.475000 2 0.775731 0.285333 2
0 0.735177 0.376521 0.020389 0.189646 0.735177 0.471344 2 0.735177 0.281698 2
0 0.638231 0.500271 0.054139 0.373729 0.638231 0.687135 2 0.638231 0.313406 2
0 0.550425 0.482875 0.017995 0.349833 0.550425 0.657792 2 0.550425 0.307958 2
0 0.581887 0.502250 0.064517 0.336021 0.581887 0.670260 2 0.581887 0.334240 2
0 0.500354 0.480729 0.024493 0.298438 0.500354 0.629948 2 0.500354 0.331510 2
0 0.455802 0.535937 0.016403 0.111708 0.455802 0.591792 2 0.455802 0.480083 2
0 0.400814 0.424479 0.084858 0.196771 0.400814 0.522865 2 0.400814 0.326094 2
0 0.382017 0.420167 0.010342 0.061333 0.382017 0.450833 2 0.382017 0.389500 2
0 0.222099 0.378146 0.031969 0.162083 0.222099 0.459187 2 0.222099 0.297104 2
0 0.316333 0.294687 0.014328 0.163646 0.316333 0.376510 2 0.316333 0.212865 2
0 0.283903 0.263813 0.024328 0.168938 0.283903 0.348281 2 0.283903 0.179344 2
0 0.198573 0.256771 0.016698 0.134917 0.198573 0.324229 2 0.198573 0.189312 2
0 0.809658 0.264125 0.023750 0.153250 0.809658 0.340750 2 0.809658 0.187500 2
0 0.836321 0.264896 0.030932 0.151167 0.836321 0.340479 2 0.836321 0.189312 2
0 0.639292 0.221229 0.021403 0.136313 0.639292 0.289385 2 0.639292 0.153073 2
0 0.613974 0.213062 0.021014 0.139875 0.613974 0.283000 2 0.613974 0.143125 2
0 0.469175 0.240917 0.015460 0.101396 0.469175 0.291615 2 0.469175 0.190219 2
0 0.456356 0.236000 0.025719 0.124188 0.456356 0.298094 2 0.456356 0.173906 2
0 0.376427 0.235438 0.014540 0.144771 0.376427 0.307823 2 0.376427 0.163052 2
0 0.410047 0.285396 0.017193 0.094333 0.410047 0.332562 2 0.410047 0.238229 2