0 0.246215 0.502188 0.023809 0.312333 0.246215 0.658354 2 0.246215 0.346021 2
0 0.489151 0.604563 0.012347 0.096833 0.489151 0.652979 2 0.489151 0.556146 2
0 0.195307 0.419271 0.042995 0.200875 0.195307 0.519708 2 0.195307 0.318833 2
0 0.544493 0.547333 0.026627 0.335625 0.544493 0.715146 2 0.544493 0.379521 2
0 0.602017 0.549938 0.025814 0.382500 0.602017 0.741188 2 0.602017 0.358688 2
0 0.639894 0.564813 0.070814 0.388687 0.639894 0.759156 2 0.639894 0.370469 2
0 0.700932 0.579917 0.049328 0.437000 0.700932 0.798417 2 0.700932 0.361417 2
0 0.687983 0.856000 0.302347 0.110563 0.687983 0.911281 2 0.687983 0.800719 2
0 0.951969 0.630188 0.039705 0.677021 0.951969 0.968698 2 0.951969 0.291677 2
0 0.868809 0.669917 0.021038 0.091667 0.868809 0.715750 2 0.868809 0.624083 2
0 0.939917 0.684708 0.016616 0.106729 0.939917 0.738073 2 0.939917 0.631344 2
0 0.821156 0.446521 0.041604 0.231813 0.821156 0.562427 2 0.821156 0.330615 2
0 0.869906 0.417417 0.032476 0.213458 0.869906 0.524146 2 0.869906 0.310688 2
0 0.912818 0.281813 0.034210 0.185000 0.912818 0.374313 2 0.912818 0.189312 2
0 0.939233 0.266708 0.032689 0.198292 0.939233 0.365854 2 0.939233 0.167563 2
0 0.712323 0.241708 0.028007 0.160937 0.712323 0.322177 2 0.712323 0.161240 2
0 0.683243 0.230875 0.020106 0.168271 0.683243 0.315010 2 0.683243 0.146740 2
0 0.512913 0.269417 0.005531 0.142083 0.512913 0.340458 2 0.512913 0.198375 2
0 0.484552 0.262750 0.018538 0.119687 0.484552 0.322594 2 0.484552 0.202906 2
0 0.437748 0.349750 0.007983 0.065438 0.437748 0.382469 2 0.437748 0.317031 2
0 0.404080 0.476229 0.008314 0.055729 0.404080 0.504094 2 0.404080 0.448365 2
0 0.328573 0.332750 0.027535 0.167313 0.328573 0.416406 2 0.328573 0.249094 2
0 0.275059 0.281792 0.051757 0.201271 0.275059 0.382427 2 0.275059 0.181156 2
0 0.190200 0.268458 0.021509 0.145583 0.190200 0.341250 2 0.190200 0.195667 2