0 0.679705 0.513063 0.046521 0.470563 0.679705 0.748344 2 0.679705 0.277781 2
0 0.519127 0.644667 0.163644 0.074083 0.519127 0.681708 2 0.519127 0.607625 2
0 0.525472 0.459271 0.038573 0.288188 0.525472 0.603365 2 0.525472 0.315177 2
0 0.477677 0.461708 0.054163 0.241854 0.477677 0.582635 2 0.477677 0.340781 2
0 0.246380 0.416083 0.027665 0.179604 0.246380 0.505885 2 0.246380 0.326281 2
0 0.330295 0.392125 0.034021 0.129979 0.330295 0.457115 2 0.330295 0.327135 2
0 0.211179 0.360063 0.023031 0.159833 0.211179 0.439979 2 0.211179 0.280146 2
0 0.290519 0.311771 0.021191 0.123021 0.290519 0.373281 2 0.290519 0.250260 2
0 0.418384 0.345896 0.011969 0.042667 0.418384 0.367229 2 0.418384 0.324562 2
0 0.413868 0.340729 0.010672 0.039146 0.413868 0.360302 2 0.413868 0.321156 2
0 0.036002 0.447250 0.037783 0.218625 0.036002 0.556562 2 0.036002 0.337938 2
0 0.621840 0.522208 0.012075 0.062167 0.621840 0.553292 2 0.621840 0.491125 2
0 0.775472 0.621458 0.018998 0.110521 0.775472 0.676719 2 0.775472 0.566198 2
0 0.754528 0.561875 0.014257 0.118167 0.754528 0.620958 2 0.754528 0.502792 2
0 0.597358 0.366646 0.019835 0.161250 0.597358 0.447271 2 0.597358 0.286021 2
0 0.626167 0.372104 0.024104 0.141479 0.626167 0.442844 2 0.626167 0.301365 2
0 0.389552 0.484979 0.011132 0.066958 0.389552 0.518458 2 0.389552 0.451500 2