0 0.386946 0.383875 0.024304 0.253271 0.386946 0.510510 2 0.386946 0.257240 2
0 0.253538 0.437583 0.022052 0.304521 0.253538 0.589844 2 0.253538 0.285323 2
0 0.584705 0.479000 0.025035 0.374646 0.584705 0.666323 2 0.584705 0.291677 2
0 0.663491 0.501250 0.025708 0.422771 0.663491 0.712635 2 0.663491 0.289865 2
0 0.707925 0.511375 0.072535 0.433979 0.707925 0.728365 2 0.707925 0.294385 2
0 0.777005 0.519750 0.020991 0.477896 0.777005 0.758698 2 0.777005 0.280802 2
0 0.853042 0.861750 0.275625 0.141958 0.853042 0.932729 2 0.853042 0.790771 2
0 0.310932 0.230792 0.013774 0.177167 0.310932 0.319375 2 0.310932 0.142208 2
0 0.336840 0.235313 0.048172 0.193437 0.336840 0.332031 2 0.336840 0.138594 2
0 0.374823 0.149917 0.025708 0.171208 0.374823 0.235521 2 0.374823 0.064312 2
0 0.178950 0.185479 0.015413 0.142708 0.178950 0.256833 2 0.178950 0.114125 2
0 0.158809 0.171104 0.024351 0.157417 0.158809 0.249812 2 0.158809 0.092396 2