0 0.689375 0.725292 0.037547 0.390813 0.689375 0.920698 2 0.689375 0.529885 2
0 0.764080 0.735833 0.052630 0.422771 0.764080 0.947219 2 0.764080 0.524448 2
0 0.818821 0.752604 0.081108 0.429125 0.818821 0.967167 2 0.818821 0.538042 2
0 0.877182 0.745979 0.033750 0.490146 0.877182 0.991052 2 0.877182 0.500906 2
0 0.899587 0.745917 0.101108 0.508146 0.899587 0.999990 2 0.899587 0.491844 2
0 0.495366 0.612042 0.023809 0.244000 0.495366 0.734042 2 0.495366 0.490042 2
0 0.359233 0.654062 0.031486 0.319000 0.359233 0.813562 2 0.359233 0.494563 2
0 0.302323 0.560750 0.029434 0.201188 0.302323 0.661344 2 0.302323 0.460156 2
0 0.432488 0.477438 0.025200 0.235667 0.432488 0.595271 2 0.432488 0.359604 2
0 0.485483 0.394562 0.018408 0.167729 0.485483 0.478427 2 0.485483 0.310698 2
0 0.267901 0.406646 0.012901 0.155688 0.267901 0.484490 2 0.267901 0.328802 2
0 0.088809 0.466542 0.023868 0.168604 0.088809 0.550844 2 0.088809 0.382240 2
0 0.119104 0.438125 0.020884 0.135292 0.119104 0.505771 2 0.119104 0.370479 2
0 0.026392 0.719562 0.048738 0.339479 0.026392 0.889302 2 0.026392 0.549823 2