0 0.306486 0.645708 0.029493 0.302292 0.306486 0.796854 2 0.306486 0.494562 2
0 0.433620 0.599813 0.017146 0.268458 0.433620 0.734042 2 0.433620 0.465583 2
0 0.457064 0.629604 0.009693 0.065354 0.457064 0.662281 2 0.457064 0.596927 2
0 0.542700 0.751938 0.017925 0.107125 0.542700 0.805500 2 0.542700 0.698375 2
0 0.601757 0.702708 0.020165 0.349271 0.601757 0.877344 2 0.601757 0.528073 2
0 0.653196 0.697396 0.030755 0.400229 0.653196 0.897510 2 0.653196 0.497281 2
0 0.696910 0.709375 0.067936 0.418750 0.696910 0.918750 2 0.696910 0.500000 2
0 0.758644 0.726792 0.052960 0.497083 0.758644 0.975333 2 0.758644 0.478250 2
0 0.879469 0.571375 0.022877 0.231521 0.879469 0.687135 2 0.879469 0.455615 2
0 0.926851 0.573104 0.027406 0.209604 0.926851 0.677906 2 0.926851 0.468302 2
0 0.919410 0.823042 0.013561 0.091708 0.919410 0.868896 2 0.919410 0.777188 2
0 0.991156 0.839583 0.017689 0.125000 0.991156 0.902083 2 0.991156 0.777083 2
0 0.768797 0.382000 0.025094 0.149875 0.768797 0.456937 2 0.768797 0.307063 2
0 0.741368 0.379625 0.019446 0.157812 0.741368 0.458531 2 0.741368 0.300719 2
0 0.542807 0.411083 0.011981 0.124688 0.542807 0.473427 2 0.542807 0.348740 2
0 0.570778 0.410938 0.016663 0.124417 0.570778 0.473146 2 0.570778 0.348729 2
0 0.453703 0.405375 0.024505 0.158563 0.453703 0.484656 2 0.453703 0.326094 2
0 0.492193 0.499417 0.010224 0.051354 0.492193 0.525094 2 0.492193 0.473740 2
0 0.585708 0.527333 0.006533 0.051042 0.585708 0.552854 2 0.585708 0.501812 2
0 0.591085 0.526687 0.009080 0.069688 0.591085 0.561531 2 0.591085 0.491844 2
0 0.254953 0.542604 0.017700 0.210229 0.254953 0.647719 2 0.254953 0.437490 2
0 0.392394 0.481375 0.020837 0.209104 0.392394 0.585927 2 0.392394 0.376823 2
0 0.380731 0.475062 0.009811 0.185625 0.380731 0.567875 2 0.380731 0.382250 2
0 0.355755 0.416667 0.009092 0.184792 0.355755 0.509062 2 0.355755 0.324271 2
0 0.062913 0.445813 0.015094 0.195958 0.062913 0.543792 2 0.062913 0.347833 2
0 0.104646 0.429271 0.018573 0.130271 0.104646 0.494406 2 0.104646 0.364135 2