0 0.446498 0.567354 0.009080 0.245229 0.446498 0.689969 2 0.446498 0.444740 2
0 0.467818 0.576896 0.008644 0.066813 0.467818 0.610302 2 0.467818 0.543490 2
0 0.553691 0.706875 0.011191 0.098521 0.553691 0.756135 2 0.553691 0.657615 2
0 0.607983 0.657562 0.009045 0.325979 0.607983 0.820552 2 0.607983 0.494573 2
0 0.315943 0.591896 0.028927 0.299729 0.315943 0.741760 2 0.315943 0.442031 2
0 0.269540 0.509000 0.015083 0.217271 0.269540 0.617635 2 0.269540 0.400365 2
0 0.243550 0.372875 0.019493 0.146125 0.243550 0.445937 2 0.243550 0.299812 2
0 0.278090 0.377667 0.020896 0.117625 0.278090 0.436479 2 0.278090 0.318854 2
0 0.365012 0.379833 0.010165 0.172708 0.365012 0.466187 2 0.365012 0.293479 2
0 0.388950 0.423563 0.009858 0.185917 0.388950 0.516521 2 0.388950 0.330604 2
0 0.403797 0.433458 0.021085 0.171271 0.403797 0.519094 2 0.403797 0.347823 2
0 0.500802 0.446958 0.016167 0.058750 0.500802 0.476333 2 0.500802 0.417583 2
0 0.592217 0.477542 0.009281 0.058333 0.592217 0.506708 2 0.592217 0.448375 2
0 0.600625 0.487229 0.009705 0.050521 0.600625 0.512490 2 0.600625 0.461969 2
0 0.550189 0.370292 0.016509 0.117396 0.550189 0.428990 2 0.550189 0.311594 2
0 0.576498 0.370375 0.011698 0.126604 0.576498 0.433677 2 0.576498 0.307073 2
0 0.748196 0.341562 0.014634 0.152333 0.748196 0.417729 2 0.748196 0.265396 2
0 0.774257 0.338771 0.028833 0.152167 0.774257 0.414854 2 0.774257 0.262688 2
0 0.891215 0.524333 0.021757 0.229813 0.891215 0.639240 2 0.891215 0.409427 2
0 0.974776 0.421271 0.026863 0.128771 0.974776 0.485656 2 0.974776 0.356885 2
0 0.077193 0.421938 0.015955 0.162729 0.077193 0.503302 2 0.077193 0.340573 2
0 0.770165 0.970042 0.242146 0.057813 0.770165 0.998948 2 0.770165 0.941135 2
0 0.925554 0.768583 0.019693 0.111438 0.925554 0.824302 2 0.925554 0.712865 2
0 0.664080 0.654479 0.028927 0.395917 0.664080 0.852437 2 0.664080 0.456521 2
0 0.703667 0.663187 0.076321 0.397042 0.703667 0.861708 2 0.703667 0.464667 2
0 0.767712 0.678458 0.056745 0.452937 0.767712 0.904927 2 0.767712 0.451990 2