0 0.617736 0.517437 0.057241 0.784875 0.617736 0.909875 2 0.617736 0.125000 2
0 0.766179 0.702813 0.015755 0.219021 0.766179 0.812323 2 0.766179 0.593302 2
0 0.691545 0.576229 0.026439 0.168750 0.691545 0.660604 2 0.691545 0.491854 2
0 0.556509 0.517729 0.025047 0.142333 0.556509 0.588896 2 0.556509 0.446563 2
0 0.532854 0.520479 0.017724 0.140583 0.532854 0.590771 2 0.532854 0.450187 2
0 0.443408 0.494792 0.019292 0.107354 0.443408 0.548469 2 0.443408 0.441115 2
0 0.231309 0.485437 0.050401 0.650229 0.231309 0.810552 2 0.231309 0.160323 2
0 0.114917 0.387917 0.026792 0.359167 0.114917 0.567500 2 0.114917 0.208333 2
0 0.374764 0.227521 0.034811 0.244917 0.374764 0.349979 2 0.374764 0.105062 2
0 0.425590 0.225458 0.030837 0.231708 0.425590 0.341313 2 0.425590 0.109604 2
0 0.718243 0.184979 0.031651 0.219583 0.718243 0.294771 2 0.718243 0.075187 2
0 0.487854 0.087396 0.028219 0.174771 0.487854 0.174781 2 0.487854 0.000010 2
0 0.463384 0.094542 0.025401 0.189083 0.463384 0.189083 2 0.463384 0.000000 2
0 0.073302 0.192396 0.016368 0.060500 0.073302 0.222646 2 0.073302 0.162146 2
0 0.038597 0.430812 0.014634 0.100750 0.038597 0.481187 2 0.038597 0.380437 2