0 0.472972 0.466625 0.015884 0.192292 0.472972 0.562771 2 0.472972 0.370479 2
0 0.507866 0.487667 0.009788 0.045958 0.507866 0.510646 2 0.507866 0.464688 2
0 0.520259 0.522979 0.011002 0.049583 0.520259 0.547771 2 0.520259 0.498188 2
0 0.637252 0.544958 0.014245 0.044604 0.637252 0.567260 2 0.637252 0.522656 2
0 0.843396 0.497937 0.023550 0.296625 0.843396 0.646250 2 0.843396 0.349625 2
0 0.946073 0.464062 0.015613 0.107479 0.946073 0.517802 2 0.946073 0.410323 2
0 0.930401 0.464792 0.017087 0.137917 0.930401 0.533750 2 0.930401 0.395833 2
0 0.861639 0.448479 0.011828 0.098042 0.861639 0.497500 2 0.861639 0.399458 2
0 0.433927 0.402896 0.009575 0.061229 0.433927 0.433510 2 0.433927 0.372281 2
0 0.447382 0.404021 0.010849 0.067104 0.447382 0.437573 2 0.447382 0.370469 2
0 0.447064 0.474750 0.005083 0.032833 0.447064 0.491167 2 0.447064 0.458333 2
0 0.404151 0.533396 0.067936 0.021500 0.404151 0.544146 2 0.404151 0.522646 2
0 0.167736 0.440771 0.019646 0.095312 0.167736 0.488427 2 0.167736 0.393115 2
0 0.144894 0.448125 0.011887 0.086479 0.144894 0.491365 2 0.144894 0.404885 2
0 0.104599 0.422458 0.007193 0.085875 0.104599 0.465396 2 0.104599 0.379521 2
0 0.087535 0.427979 0.019210 0.076958 0.087535 0.466458 2 0.087535 0.389500 2
0 0.265684 0.423042 0.009434 0.087000 0.265684 0.466542 2 0.265684 0.379542 2
0 0.307158 0.420271 0.015460 0.076042 0.307158 0.458292 2 0.307158 0.382250 2
0 0.345884 0.450021 0.022158 0.075771 0.345884 0.487906 2 0.345884 0.412135 2
0 0.250967 0.396396 0.009717 0.073583 0.250967 0.433188 2 0.250967 0.359604 2
0 0.394045 0.443958 0.010814 0.110750 0.394045 0.499333 2 0.394045 0.388583 2