0 0.364717 0.430021 0.025991 0.260396 0.364717 0.560219 2 0.364717 0.299823 2
0 0.386675 0.453250 0.017618 0.082250 0.386675 0.494375 2 0.386675 0.412125 2
0 0.476486 0.588708 0.030083 0.095896 0.476486 0.636656 2 0.476486 0.540760 2
0 0.550507 0.539104 0.034575 0.357188 0.550507 0.717698 2 0.550507 0.360510 2
0 0.616333 0.533354 0.025743 0.405479 0.616333 0.736094 2 0.616333 0.330615 2
0 0.661509 0.558521 0.070979 0.417771 0.661509 0.767406 2 0.661509 0.349635 2
0 0.673632 0.636208 0.055224 0.641979 0.673632 0.957198 2 0.673632 0.315219 2
0 0.735837 0.578833 0.055554 0.472896 0.735837 0.815281 2 0.735837 0.342385 2
0 0.885566 0.663854 0.028915 0.126646 0.885566 0.727177 2 0.885566 0.600531 2
0 0.974493 0.686479 0.018101 0.121146 0.974493 0.747052 2 0.974493 0.625906 2
0 0.871922 0.382187 0.032394 0.210042 0.871922 0.487208 2 0.871922 0.277167 2
0 0.827146 0.385479 0.025908 0.251042 0.827146 0.511000 2 0.827146 0.259958 2
0 0.904941 0.249917 0.030767 0.190062 0.904941 0.344948 2 0.904941 0.154885 2
0 0.937417 0.250208 0.046486 0.181583 0.937417 0.341000 2 0.937417 0.159417 2
0 0.516474 0.339313 0.017771 0.073542 0.516474 0.376083 2 0.516474 0.302542 2
0 0.416427 0.307250 0.007382 0.056542 0.416427 0.335521 2 0.416427 0.278979 2
0 0.305625 0.302708 0.026757 0.179708 0.305625 0.392563 2 0.305625 0.212854 2
0 0.280413 0.301687 0.050177 0.204854 0.280413 0.404115 2 0.280413 0.199260 2
0 0.251863 0.273271 0.069965 0.151604 0.251863 0.349073 2 0.251863 0.197469 2
0 0.183644 0.247188 0.011474 0.123000 0.183644 0.308688 2 0.183644 0.185688 2
0 0.160908 0.229083 0.023408 0.139333 0.160908 0.298750 2 0.160908 0.159417 2
0 0.384410 0.226750 0.040767 0.156396 0.384410 0.304948 2 0.384410 0.148552 2
0 0.236557 0.471229 0.037300 0.299354 0.236557 0.620906 2 0.236557 0.321552 2