0 0.461309 0.601042 0.017158 0.261875 0.461309 0.731979 2 0.461309 0.470104 2
0 0.481757 0.615438 0.017052 0.066000 0.481757 0.648438 2 0.481757 0.582438 2
0 0.563715 0.744896 0.023054 0.100312 0.563715 0.795052 2 0.563715 0.694740 2
0 0.329929 0.638125 0.039469 0.303437 0.329929 0.789844 2 0.329929 0.486406 2
0 0.284210 0.555792 0.021863 0.218479 0.284210 0.665031 2 0.284210 0.446552 2
0 0.087866 0.452792 0.023962 0.179146 0.087866 0.542365 2 0.087866 0.363219 2
0 0.477736 0.398646 0.022347 0.150542 0.477736 0.473917 2 0.477736 0.323375 2
0 0.511969 0.486500 0.014906 0.061771 0.511969 0.517385 2 0.511969 0.455615 2
0 0.606179 0.519042 0.010554 0.052563 0.606179 0.545323 2 0.606179 0.492760 2
0 0.627335 0.693646 0.037488 0.338375 0.627335 0.862833 2 0.627335 0.524458 2
0 0.680460 0.692646 0.020696 0.405229 0.680460 0.895260 2 0.680460 0.490031 2
0 0.716333 0.710979 0.064741 0.429187 0.716333 0.925573 2 0.716333 0.496385 2
0 0.776509 0.720708 0.059988 0.472187 0.776509 0.956802 2 0.776509 0.484615 2
0 0.899858 0.564063 0.039057 0.256729 0.899858 0.692427 2 0.899858 0.435698 2
0 0.952193 0.555958 0.028868 0.220625 0.952193 0.666271 2 0.952193 0.445646 2
0 0.945507 0.811083 0.012417 0.098625 0.945507 0.860396 2 0.945507 0.761771 2
0 0.792712 0.371792 0.025755 0.171125 0.792712 0.457354 2 0.792712 0.286229 2
0 0.764517 0.376792 0.014469 0.170229 0.764517 0.461906 2 0.764517 0.291677 2