0 0.330448 0.580000 0.033337 0.288625 0.330448 0.724312 2 0.330448 0.435688 2
0 0.466557 0.532375 0.020483 0.247729 0.466557 0.656240 2 0.466557 0.408510 2
0 0.487559 0.539062 0.011215 0.078125 0.487559 0.578125 2 0.487559 0.500000 2
0 0.586627 0.682708 0.012465 0.102750 0.586627 0.734083 2 0.586627 0.631333 2
0 0.650684 0.624208 0.019575 0.342625 0.650684 0.795521 2 0.650684 0.452896 2
0 0.715790 0.636979 0.024682 0.377229 0.715790 0.825594 2 0.715790 0.448365 2
0 0.780660 0.707292 0.044811 0.585417 0.780660 1.000000 2 0.780660 0.414583 2
0 0.839717 0.669937 0.065401 0.508375 0.839717 0.924125 2 0.839717 0.415750 2
0 0.919104 0.481333 0.040625 0.227167 0.919104 0.594917 2 0.919104 0.367750 2
0 0.972323 0.460521 0.032217 0.245292 0.972323 0.583167 2 0.972323 0.337875 2
0 0.988797 0.735417 0.022406 0.154167 0.988797 0.812500 2 0.988797 0.658333 2
0 0.618880 0.440083 0.017500 0.081250 0.618880 0.480708 2 0.618880 0.399458 2
0 0.516840 0.408250 0.013384 0.055625 0.516840 0.436062 2 0.516840 0.380438 2
0 0.414705 0.383167 0.026498 0.177563 0.414705 0.471948 2 0.414705 0.294385 2
0 0.373278 0.339125 0.018491 0.174646 0.373278 0.426448 2 0.373278 0.251802 2
0 0.255118 0.355979 0.010849 0.123187 0.255118 0.417573 2 0.255118 0.294385 2
0 0.285472 0.348104 0.006946 0.118292 0.285472 0.407250 2 0.285472 0.288958 2
0 0.473844 0.319000 0.033962 0.159396 0.473844 0.398698 2 0.473844 0.239302 2