0 0.427854 0.542604 0.018950 0.248271 0.427854 0.666740 2 0.427854 0.418469 2
0 0.290719 0.570042 0.023608 0.279583 0.290719 0.709833 2 0.290719 0.430250 2
0 0.531568 0.677292 0.018208 0.084667 0.531568 0.719625 2 0.531568 0.634958 2
0 0.587995 0.627854 0.022382 0.342667 0.587995 0.799188 2 0.587995 0.456521 2
0 0.647311 0.625979 0.018986 0.382396 0.647311 0.817177 2 0.647311 0.434781 2
0 0.684458 0.621208 0.070719 0.390979 0.684458 0.816698 2 0.684458 0.425719 2
0 0.751462 0.642979 0.067323 0.443583 0.751462 0.864771 2 0.751462 0.421188 2
0 0.914682 0.745625 0.021521 0.103583 0.914682 0.797417 2 0.914682 0.693833 2
0 0.985389 0.765563 0.023491 0.127125 0.985389 0.829125 2 0.985389 0.702000 2
0 0.867642 0.502083 0.034092 0.236021 0.867642 0.620094 2 0.867642 0.384073 2
0 0.918738 0.493229 0.027583 0.194812 0.918738 0.590635 2 0.918738 0.395823 2
0 0.483608 0.421187 0.022807 0.061604 0.483608 0.451990 2 0.483608 0.390385 2
0 0.578255 0.457333 0.021356 0.063208 0.578255 0.488938 2 0.578255 0.425729 2
0 0.449151 0.549438 0.008231 0.060833 0.449151 0.579854 2 0.449151 0.519021 2
0 0.310401 0.376938 0.066038 0.137937 0.310401 0.445906 2 0.310401 0.307969 2
0 0.451439 0.338458 0.044587 0.149729 0.451439 0.413323 2 0.451439 0.263594 2
0 0.232017 0.349625 0.016946 0.135833 0.232017 0.417542 2 0.232017 0.281708 2
0 0.261722 0.358875 0.015861 0.129000 0.261722 0.423375 2 0.261722 0.294375 2
0 0.052005 0.391396 0.026085 0.184958 0.052005 0.483875 2 0.052005 0.298917 2
0 0.089941 0.364250 0.021958 0.121604 0.089941 0.425052 2 0.089941 0.303448 2
0 0.961191 0.355250 0.026368 0.217750 0.961191 0.464125 2 0.961191 0.246375 2
0 0.985024 0.360542 0.029941 0.197562 0.985024 0.459323 2 0.985024 0.261760 2
0 0.756875 0.306854 0.027889 0.157187 0.756875 0.385448 2 0.756875 0.228260 2
0 0.731415 0.314375 0.014917 0.155896 0.731415 0.392323 2 0.731415 0.236427 2
0 0.552583 0.346250 0.015130 0.125479 0.552583 0.408990 2 0.552583 0.283510 2
0 0.530224 0.337583 0.016568 0.124458 0.530224 0.399812 2 0.530224 0.275354 2
0 0.361639 0.399250 0.038290 0.220604 0.361639 0.509552 2 0.361639 0.288948 2
0 0.755047 0.928458 0.239587 0.092417 0.755047 0.974667 2 0.755047 0.882250 2