0 0.473573 0.577375 0.031427 0.248938 0.473573 0.701844 2 0.473573 0.452906 2
0 0.336580 0.611979 0.028160 0.289187 0.336580 0.756573 2 0.336580 0.467385 2
0 0.271085 0.518000 0.019210 0.200833 0.271085 0.618417 2 0.271085 0.417583 2
0 0.672500 0.690854 0.016026 0.379896 0.672500 0.880802 2 0.672500 0.500906 2
0 0.733750 0.700313 0.052417 0.424188 0.733750 0.912406 2 0.733750 0.488219 2
0 0.787901 0.696771 0.074564 0.464188 0.787901 0.928865 2 0.787901 0.464677 2
0 0.871026 0.717750 0.078797 0.536958 0.871026 0.986229 2 0.871026 0.449271 2
0 0.073172 0.419125 0.026368 0.191521 0.073172 0.514885 2 0.073172 0.323365 2
0 0.035271 0.429312 0.025425 0.184708 0.035271 0.521667 2 0.035271 0.336958 2
0 0.368101 0.379125 0.020460 0.187604 0.368101 0.472927 2 0.368101 0.285323 2
0 0.464292 0.361667 0.021085 0.156313 0.464292 0.439823 2 0.464292 0.283510 2
0 0.406038 0.458375 0.034811 0.222917 0.406038 0.569833 2 0.406038 0.346917 2