0 0.317500 0.578312 0.027948 0.287062 0.317500 0.721844 2 0.317500 0.434781 2
0 0.447288 0.544146 0.021934 0.256750 0.447288 0.672521 2 0.447288 0.415771 2
0 0.474953 0.567958 0.015731 0.074333 0.474953 0.605125 2 0.474953 0.530792 2
0 0.552936 0.696458 0.026085 0.112125 0.552936 0.752521 2 0.552936 0.640396 2
0 0.615377 0.636083 0.016639 0.337396 0.615377 0.804781 2 0.615377 0.467385 2
0 0.670106 0.643708 0.030743 0.414229 0.670106 0.850823 2 0.670106 0.436594 2
0 0.711863 0.647333 0.066061 0.396104 0.711863 0.845385 2 0.711863 0.449281 2
0 0.758774 0.644958 0.086050 0.429396 0.758774 0.859656 2 0.758774 0.430260 2
0 0.893656 0.509333 0.017417 0.228792 0.893656 0.623729 2 0.893656 0.394937 2
0 0.940165 0.502771 0.024304 0.215688 0.940165 0.610615 2 0.940165 0.394927 2
0 0.780719 0.326167 0.030460 0.174083 0.780719 0.413208 2 0.780719 0.239125 2
0 0.756910 0.318708 0.018726 0.159167 0.756910 0.398292 2 0.756910 0.239125 2
0 0.506616 0.436708 0.012406 0.070875 0.506616 0.472146 2 0.506616 0.401271 2
0 0.595814 0.459271 0.012370 0.070708 0.595814 0.494625 2 0.595814 0.423917 2
0 0.606769 0.471167 0.009682 0.054667 0.606769 0.498500 2 0.606769 0.443833 2
0 0.277948 0.490792 0.024717 0.202583 0.277948 0.592083 2 0.277948 0.389500 2
0 0.251014 0.362771 0.018019 0.138604 0.251014 0.432073 2 0.251014 0.293469 2
0 0.080248 0.407875 0.016934 0.165396 0.080248 0.490573 2 0.080248 0.325177 2
0 0.404988 0.411417 0.015259 0.205104 0.404988 0.513969 2 0.404988 0.308865 2
0 0.495271 0.364438 0.066616 0.123792 0.495271 0.426333 2 0.495271 0.302542 2
0 0.555708 0.351708 0.012158 0.141833 0.555708 0.422625 2 0.555708 0.280792 2
0 0.580318 0.346542 0.012158 0.118792 0.580318 0.405938 2 0.580318 0.287146 2
0 0.936439 0.746792 0.019929 0.118583 0.936439 0.806083 2 0.936439 0.687500 2
0 0.771085 0.939229 0.247052 0.101292 0.771085 0.989875 2 0.771085 0.888583 2