0 0.366840 0.595833 0.040495 0.298562 0.366840 0.745115 2 0.366840 0.446552 2
0 0.499493 0.545125 0.023809 0.253313 0.499493 0.671781 2 0.499493 0.418469 2
0 0.517193 0.563625 0.011002 0.072917 0.517193 0.600083 2 0.517193 0.527167 2
0 0.620578 0.699688 0.015767 0.087792 0.620578 0.743583 2 0.620578 0.655792 2
0 0.647571 0.451792 0.022571 0.068438 0.647571 0.486010 2 0.647571 0.417573 2
0 0.683844 0.645875 0.033620 0.360583 0.683844 0.826167 2 0.683844 0.465583 2
0 0.748137 0.633896 0.025802 0.421771 0.748137 0.844781 2 0.748137 0.423010 2
0 0.793620 0.655854 0.072677 0.402292 0.793620 0.857000 2 0.793620 0.454708 2
0 0.799540 0.711042 0.051710 0.577896 0.799540 0.999990 2 0.799540 0.422094 2
0 0.867111 0.680667 0.050472 0.513521 0.867111 0.937427 2 0.867111 0.423906 2
0 0.957465 0.491708 0.038384 0.253333 0.957465 0.618375 2 0.957465 0.365042 2
0 0.544658 0.424729 0.015684 0.065042 0.544658 0.457250 2 0.544658 0.392208 2
0 0.444717 0.424812 0.035259 0.221021 0.444717 0.535323 2 0.444717 0.314302 2
0 0.502429 0.336229 0.020448 0.159792 0.502429 0.416125 2 0.502429 0.256333 2
0 0.402606 0.359979 0.014599 0.200042 0.402606 0.460000 2 0.402606 0.259958 2
0 0.286899 0.358958 0.015979 0.147250 0.286899 0.432583 2 0.286899 0.285333 2