0 0.733255 0.291292 0.067818 0.332562 0.733255 0.457573 2 0.733255 0.125010 2
0 0.036498 0.432896 0.051450 0.778813 0.036498 0.822302 2 0.036498 0.043490 2
0 0.050708 0.452083 0.101415 0.266667 0.050708 0.585417 2 0.050708 0.318750 2
0 0.155071 0.235000 0.018915 0.165646 0.155071 0.317823 2 0.155071 0.152177 2
0 0.167217 0.206625 0.010401 0.139708 0.167217 0.276479 2 0.167217 0.136771 2
0 0.311486 0.377208 0.014894 0.042479 0.311486 0.398448 2 0.311486 0.355969 2
0 0.379316 0.469208 0.023408 0.057979 0.379316 0.498198 2 0.379316 0.440219 2
0 0.422665 0.190375 0.014741 0.172417 0.422665 0.276583 2 0.422665 0.104167 2
0 0.459953 0.195021 0.021627 0.179917 0.459953 0.284979 2 0.459953 0.105063 2
0 0.631604 0.250333 0.023455 0.212625 0.631604 0.356646 2 0.631604 0.144021 2
0 0.686344 0.201021 0.033467 0.191896 0.686344 0.296969 2 0.686344 0.105073 2
0 0.880672 0.153104 0.030413 0.164917 0.880672 0.235562 2 0.880672 0.070646 2