0 0.241274 0.803146 0.030330 0.291083 0.241274 0.948688 2 0.241274 0.657604 2
0 0.397972 0.775438 0.012512 0.101583 0.397972 0.826229 2 0.397972 0.724646 2
0 0.380613 0.767292 0.014717 0.266479 0.380613 0.900531 2 0.380613 0.634052 2
0 0.494611 0.921104 0.022241 0.092208 0.494611 0.967208 2 0.494611 0.875000 2
0 0.526108 0.676167 0.024729 0.066125 0.526108 0.709229 2 0.526108 0.643104 2
0 0.988219 0.970104 0.011722 0.059792 0.988219 1.000000 2 0.988219 0.940208 2
0 0.896769 0.968750 0.017488 0.062500 0.896769 1.000000 2 0.896769 0.937500 2
0 0.883231 0.697250 0.026309 0.227833 0.883231 0.811167 2 0.883231 0.583333 2
0 0.825283 0.711042 0.044741 0.244562 0.825283 0.833323 2 0.825283 0.588760 2
0 0.764151 0.835417 0.056604 0.329167 0.764151 1.000000 2 0.764151 0.670833 2
0 0.734340 0.827438 0.022830 0.345104 0.734340 0.999990 2 0.734340 0.654885 2
0 0.688679 0.819792 0.028302 0.360417 0.688679 1.000000 2 0.688679 0.639583 2
0 0.674894 0.836750 0.069033 0.318417 0.674894 0.995958 2 0.674894 0.677542 2
0 0.631486 0.833333 0.024764 0.333333 0.631486 1.000000 2 0.631486 0.666667 2
0 0.562087 0.843292 0.020814 0.313396 0.562087 0.999990 2 0.562087 0.686594 2
0 0.190401 0.719854 0.011651 0.213250 0.190401 0.826479 2 0.190401 0.613229 2
0 0.331309 0.621854 0.029929 0.203854 0.331309 0.723781 2 0.331309 0.519927 2
0 0.388384 0.555312 0.026156 0.150500 0.388384 0.630563 2 0.388384 0.480062 2
0 0.421474 0.639458 0.017476 0.047042 0.421474 0.662979 2 0.421474 0.615938 2
0 0.494434 0.561417 0.018809 0.111938 0.494434 0.617385 2 0.494434 0.505448 2
0 0.471592 0.553333 0.021321 0.132042 0.471592 0.619354 2 0.471592 0.487313 2
0 0.704210 0.522083 0.032288 0.167354 0.704210 0.605760 2 0.704210 0.438406 2
0 0.676038 0.514708 0.021061 0.177958 0.676038 0.603687 2 0.676038 0.425729 2
0 0.917017 0.567458 0.030295 0.201938 0.917017 0.668427 2 0.917017 0.466490 2
0 0.948090 0.573313 0.033986 0.159313 0.948090 0.652969 2 0.948090 0.493656 2
0 0.169481 0.562438 0.020059 0.144812 0.169481 0.634844 2 0.169481 0.490031 2
0 0.198644 0.569875 0.015814 0.099875 0.198644 0.619812 2 0.198644 0.519938 2