0 0.121094 0.623437 0.015625 0.289844 0.121094 0.768359 2 0.121094 0.478516 2
0 0.185156 0.623437 0.041406 0.267188 0.185156 0.757031 2 0.185156 0.489844 2
0 0.294531 0.619531 0.021094 0.191406 0.294531 0.715234 2 0.294531 0.523828 2
0 0.264844 0.616406 0.025781 0.184375 0.264844 0.708594 2 0.264844 0.524219 2
0 0.521094 0.521094 0.035937 0.142969 0.521094 0.592578 2 0.521094 0.449609 2
0 0.495312 0.526563 0.017188 0.171094 0.495312 0.612109 2 0.495312 0.441016 2
0 0.800000 0.557031 0.020313 0.129688 0.800000 0.621875 2 0.800000 0.492188 2
0 0.830469 0.543750 0.032813 0.120313 0.830469 0.603906 2 0.830469 0.483594 2
0 0.808594 0.692187 0.032813 0.313281 0.808594 0.848828 2 0.808594 0.535547 2
0 0.860156 0.687500 0.027344 0.315625 0.860156 0.845313 2 0.860156 0.529687 2
0 0.489844 0.282031 0.021094 0.110937 0.489844 0.337500 2 0.489844 0.226562 2
0 0.467969 0.288281 0.017188 0.089844 0.467969 0.333203 2 0.467969 0.243359 2
0 0.261719 0.285938 0.016406 0.114844 0.261719 0.343359 2 0.261719 0.228516 2
0 0.242188 0.283594 0.015625 0.108594 0.242188 0.337891 2 0.242188 0.229297 2
0 0.046094 0.198437 0.019531 0.087500 0.046094 0.242188 2 0.046094 0.154687 2
0 0.026562 0.194531 0.008594 0.107813 0.026562 0.248437 2 0.026562 0.140625 2