0 0.665625 0.555469 0.044531 0.790625 0.665625 0.950781 2 0.665625 0.160156 2
0 0.236719 0.450000 0.048438 0.658594 0.236719 0.779297 2 0.236719 0.120703 2
0 0.164062 0.414844 0.089063 0.496875 0.164062 0.663281 2 0.164062 0.166406 2
0 0.035937 0.528125 0.025000 0.943750 0.035937 1.000000 2 0.035937 0.056250 2
0 0.721875 0.422656 0.071094 0.439063 0.721875 0.642188 2 0.721875 0.203125 2
0 0.542969 0.398438 0.028906 0.298438 0.542969 0.547656 2 0.542969 0.249219 2
0 0.570312 0.422656 0.016406 0.283594 0.570312 0.564453 2 0.570312 0.280859 2
0 0.585156 0.414844 0.021094 0.273438 0.585156 0.551562 2 0.585156 0.278125 2
0 0.301563 0.448437 0.067187 0.587500 0.301563 0.742188 2 0.301563 0.154687 2
0 0.350781 0.449219 0.060156 0.588281 0.350781 0.743359 2 0.350781 0.155078 2
0 0.432031 0.413281 0.031250 0.271094 0.432031 0.548828 2 0.432031 0.277734 2
0 0.489063 0.364844 0.035937 0.253906 0.489063 0.491797 2 0.489063 0.237891 2
0 0.405469 0.343750 0.021875 0.239844 0.405469 0.463672 2 0.405469 0.223828 2
0 0.076563 0.358594 0.022656 0.310937 0.076563 0.514062 2 0.076563 0.203125 2
0 0.218750 0.337500 0.015625 0.193750 0.218750 0.434375 2 0.218750 0.240625 2