0 0.053125 0.203906 0.025781 0.385937 0.053125 0.396875 2 0.053125 0.010938 2
0 0.178906 0.102344 0.032813 0.203906 0.178906 0.204297 2 0.178906 0.000391 2
0 0.284375 0.392969 0.150000 0.475781 0.284375 0.630859 2 0.284375 0.155078 2
0 0.490625 0.543750 0.026562 0.715625 0.490625 0.901562 2 0.490625 0.185937 2
0 0.528125 0.583594 0.044531 0.738281 0.528125 0.952734 2 0.528125 0.214453 2
0 0.526563 0.261719 0.021875 0.415625 0.526563 0.469531 2 0.526563 0.053906 2
0 0.471875 0.165625 0.030469 0.331250 0.471875 0.331250 2 0.471875 0.000000 2
0 0.558594 0.096875 0.025781 0.193750 0.558594 0.193750 2 0.558594 0.000000 2
0 0.886719 0.351562 0.039844 0.485938 0.886719 0.594531 2 0.886719 0.108594 2
0 0.982031 0.260937 0.032813 0.418750 0.982031 0.470313 2 0.982031 0.051562 2
0 0.917969 0.095312 0.026562 0.189844 0.917969 0.190234 2 0.917969 0.000391 2