0 0.842969 0.615625 0.051562 0.600781 0.842969 0.916016 2 0.842969 0.315234 2
0 0.595313 0.762500 0.067187 0.465625 0.595313 0.995312 2 0.595313 0.529687 2
0 0.634375 0.219531 0.056250 0.439063 0.634375 0.439063 2 0.634375 0.000000 2
0 0.674219 0.143750 0.019531 0.286719 0.674219 0.287109 2 0.674219 0.000391 2
0 0.450000 0.114844 0.018750 0.229687 0.450000 0.229687 2 0.450000 0.000000 2
0 0.094531 0.175000 0.049219 0.350000 0.094531 0.350000 2 0.094531 0.000000 2
0 0.053906 0.069531 0.027344 0.139063 0.053906 0.139063 2 0.053906 0.000000 2
0 0.513281 0.064844 0.026562 0.129688 0.513281 0.129688 2 0.513281 0.000000 2
0 0.961719 0.395313 0.024219 0.532031 0.961719 0.661328 2 0.961719 0.129297 2
0 0.959375 0.869531 0.057813 0.260937 0.959375 1.000000 2 0.959375 0.739062 2
0 0.973437 0.102344 0.040625 0.192188 0.973437 0.198437 2 0.973437 0.006250 2