0 0.419531 0.467187 0.043750 0.431250 0.419531 0.682813 2 0.419531 0.251562 2
0 0.371875 0.445312 0.035156 0.415625 0.371875 0.653125 2 0.371875 0.237500 2
0 0.610938 0.740625 0.075781 0.501563 0.610938 0.991406 2 0.610938 0.489844 2
0 0.809375 0.892188 0.044531 0.175000 0.809375 0.979688 2 0.809375 0.804688 2
0 0.767969 0.333594 0.025781 0.385937 0.767969 0.526563 2 0.767969 0.140625 2
0 0.796875 0.296875 0.038281 0.342187 0.796875 0.467969 2 0.796875 0.125781 2
0 0.592187 0.239844 0.034375 0.267969 0.592187 0.373828 2 0.592187 0.105859 2
0 0.260156 0.219531 0.051562 0.238281 0.260156 0.338672 2 0.260156 0.100391 2
0 0.882031 0.109375 0.043750 0.218750 0.882031 0.218750 2 0.882031 0.000000 2
0 0.975781 0.071875 0.025781 0.143750 0.975781 0.143750 2 0.975781 0.000000 2
0 0.986719 0.360938 0.026562 0.339062 0.986719 0.530469 2 0.986719 0.191406 2