0 0.305469 0.514062 0.017188 0.165625 0.305469 0.596875 2 0.305469 0.431250 2
0 0.570312 0.792969 0.019531 0.310156 0.570312 0.948047 2 0.570312 0.637891 2
0 0.556250 0.672656 0.015625 0.260156 0.556250 0.802734 2 0.556250 0.542578 2
0 0.629687 0.633594 0.027344 0.232813 0.629687 0.750000 2 0.629687 0.517187 2
0 0.753906 0.585938 0.024219 0.216406 0.753906 0.694141 2 0.753906 0.477734 2
0 0.698438 0.534375 0.028906 0.212500 0.698438 0.640625 2 0.698438 0.428125 2
0 0.638281 0.507812 0.026562 0.170313 0.638281 0.592969 2 0.638281 0.422656 2
0 0.853906 0.720313 0.020313 0.296875 0.853906 0.868750 2 0.853906 0.571875 2
0 0.674219 0.908594 0.030469 0.182031 0.674219 0.999609 2 0.674219 0.817578 2
0 0.420312 0.603906 0.009375 0.225781 0.420312 0.716797 2 0.420312 0.491016 2
0 0.432812 0.560156 0.019531 0.202344 0.432812 0.661328 2 0.432812 0.458984 2
0 0.365625 0.469531 0.012500 0.135156 0.365625 0.537109 2 0.365625 0.401953 2
0 0.321094 0.412500 0.015625 0.120313 0.321094 0.472656 2 0.321094 0.352344 2
0 0.244531 0.415625 0.017969 0.133594 0.244531 0.482422 2 0.244531 0.348828 2
0 0.201563 0.433594 0.016406 0.096875 0.201563 0.482031 2 0.201563 0.385156 2
0 0.482031 0.496875 0.021875 0.179688 0.482031 0.586719 2 0.482031 0.407031 2
0 0.524219 0.485156 0.010156 0.135156 0.524219 0.552734 2 0.524219 0.417578 2
0 0.520312 0.457031 0.011719 0.131250 0.520312 0.522656 2 0.520312 0.391406 2
0 0.585938 0.478906 0.018750 0.146875 0.585938 0.552344 2 0.585938 0.405469 2
0 0.834375 0.490625 0.025000 0.180469 0.834375 0.580859 2 0.834375 0.400391 2
0 0.875000 0.509375 0.031250 0.184375 0.875000 0.601562 2 0.875000 0.417188 2
0 0.900000 0.673438 0.017188 0.257812 0.900000 0.802344 2 0.900000 0.544531 2
0 0.959375 0.837500 0.023438 0.310937 0.959375 0.992969 2 0.959375 0.682031 2
0 0.921875 0.549219 0.032031 0.228125 0.921875 0.663281 2 0.921875 0.435156 2
0 0.939844 0.450781 0.023438 0.151562 0.939844 0.526563 2 0.939844 0.375000 2
0 0.787500 0.468750 0.015625 0.157812 0.787500 0.547656 2 0.787500 0.389844 2
0 0.774219 0.461719 0.014063 0.129688 0.774219 0.526563 2 0.774219 0.396875 2
0 0.753125 0.596094 0.014063 0.211719 0.753125 0.701953 2 0.753125 0.490234 2