0 0.433594 0.745313 0.023438 0.179688 0.433594 0.835156 2 0.433594 0.655469 2
0 0.497656 0.689063 0.025000 0.140625 0.497656 0.759375 2 0.497656 0.618750 2
0 0.296875 0.660156 0.021094 0.134375 0.296875 0.727344 2 0.296875 0.592969 2
0 0.311719 0.615625 0.018750 0.083594 0.311719 0.657422 2 0.311719 0.573828 2
0 0.227344 0.636719 0.032031 0.073438 0.227344 0.673438 2 0.227344 0.600000 2
0 0.193750 0.610156 0.020313 0.068750 0.193750 0.644531 2 0.193750 0.575781 2
0 0.265625 0.589063 0.017188 0.073438 0.265625 0.625781 2 0.265625 0.552344 2
0 0.232813 0.585156 0.013281 0.070312 0.232813 0.620313 2 0.232813 0.550000 2
0 0.751563 0.770312 0.023438 0.186719 0.751563 0.863672 2 0.751563 0.676953 2
0 0.855469 0.817969 0.029687 0.261719 0.855469 0.948828 2 0.855469 0.687109 2
0 0.881250 0.834375 0.015625 0.260156 0.881250 0.964453 2 0.881250 0.704297 2