0 0.715880 0.715472 0.071493 0.380569 0.715880 0.905756 2 0.715880 0.525188 2
0 0.788580 0.387808 0.030974 0.161975 0.788580 0.468795 2 0.788580 0.306820 2
0 0.324744 0.650981 0.022032 0.286200 0.324744 0.794081 2 0.324744 0.507881 2
0 0.677286 0.705032 0.022312 0.376315 0.677286 0.893189 2 0.677286 0.516875 2
0 0.268376 0.423653 0.017167 0.139846 0.268376 0.493576 2 0.268376 0.353730 2
0 0.619839 0.706318 0.021660 0.340133 0.619839 0.876385 2 0.619839 0.536251 2
0 0.480030 0.632228 0.010653 0.071536 0.480030 0.667996 2 0.480030 0.596460 2
0 0.477639 0.412889 0.021774 0.155796 0.477639 0.490787 2 0.477639 0.334991 2
0 0.123088 0.443749 0.018268 0.133264 0.123088 0.510381 2 0.123088 0.377117 2
0 0.280980 0.566254 0.017108 0.191310 0.280980 0.661909 2 0.280980 0.470599 2
0 0.761884 0.384579 0.019670 0.157856 0.761884 0.463507 2 0.761884 0.305651 2
0 0.949939 0.563703 0.026804 0.195413 0.949939 0.661409 2 0.949939 0.465996 2
0 0.989285 0.424479 0.021429 0.187532 0.989285 0.518245 2 0.989285 0.330713 2
0 0.085121 0.470167 0.020756 0.173876 0.085121 0.557105 2 0.085121 0.383229 2
0 0.459139 0.620503 0.017967 0.237157 0.459139 0.739082 2 0.459139 0.501924 2
0 0.902638 0.571869 0.026914 0.232553 0.902638 0.688145 2 0.902638 0.455592 2
0 0.380901 0.425117 0.018150 0.158710 0.380901 0.504472 2 0.380901 0.345762 2
0 0.513783 0.499461 0.013033 0.060330 0.513783 0.529626 2 0.513783 0.469296 2
0 0.295200 0.432873 0.017150 0.118633 0.295200 0.492190 2 0.295200 0.373557 2
0 0.412341 0.474783 0.028737 0.210566 0.412341 0.580066 2 0.412341 0.369500 2
0 0.564189 0.417835 0.012358 0.123926 0.564189 0.479798 2 0.564189 0.355872 2
0 0.779961 0.720126 0.058033 0.445235 0.779961 0.942744 2 0.779961 0.497509 2
0 0.565017 0.759752 0.012915 0.096919 0.565017 0.808211 2 0.565017 0.711292 2
0 0.590059 0.417472 0.011110 0.123784 0.590059 0.479364 2 0.590059 0.355580 2
0 0.763854 0.724630 0.025638 0.436594 0.763854 0.942927 2 0.763854 0.506333 2
0 0.943262 0.821683 0.013261 0.096778 0.943262 0.870072 2 0.943262 0.773294 2
0 0.607133 0.531247 0.011262 0.063674 0.607133 0.563084 2 0.607133 0.499410 2
0 0.053670 0.480573 0.016808 0.177022 0.053670 0.569084 2 0.053670 0.392062 2
0 0.327624 0.433111 0.011696 0.101338 0.327624 0.483780 2 0.327624 0.382442 2
0 0.010262 0.763127 0.019169 0.208132 0.010262 0.867193 2 0.010262 0.659061 2
0 0.006191 0.771014 0.012353 0.180475 0.006191 0.861251 2 0.006191 0.680777 2
0 0.351095 0.436688 0.020172 0.112108 0.351095 0.492742 2 0.351095 0.380634 2
0 0.455402 0.415717 0.016207 0.142688 0.455402 0.487061 2 0.455402 0.344373 2