0 0.379216 0.666340 0.023302 0.305955 0.379216 0.819318 2 0.379216 0.513363 2
0 0.834569 0.747877 0.083746 0.406421 0.834569 0.951087 2 0.834569 0.544667 2
0 0.106706 0.467714 0.023836 0.185657 0.106706 0.560543 2 0.106706 0.374886 2
0 0.511212 0.626559 0.023612 0.253389 0.511212 0.753254 2 0.511212 0.499864 2
0 0.040513 0.734443 0.047294 0.351455 0.040513 0.910170 2 0.040513 0.558715 2
0 0.073559 0.475652 0.021337 0.180671 0.073559 0.565987 2 0.073559 0.385317 2
0 0.711350 0.725587 0.023419 0.371508 0.711350 0.911341 2 0.711350 0.539833 2
0 0.502764 0.403507 0.019976 0.153205 0.502764 0.480110 2 0.502764 0.326904 2
0 0.790623 0.735145 0.022837 0.415392 0.790623 0.942841 2 0.790623 0.527449 2
0 0.282115 0.418545 0.015761 0.149288 0.282115 0.493189 2 0.282115 0.343901 2
0 0.313361 0.569007 0.019980 0.205400 0.313361 0.671707 2 0.313361 0.466307 2
0 0.445692 0.468361 0.026735 0.227435 0.445692 0.582079 2 0.445692 0.354644 2
0 0.402957 0.419269 0.020105 0.202718 0.402957 0.520628 2 0.402957 0.317910 2
0 0.025990 0.735749 0.051980 0.346614 0.025990 0.909056 2 0.025990 0.562442 2
0 0.916486 0.762268 0.058061 0.475464 0.916486 1.000000 2 0.916486 0.524536 2
0 0.292313 0.418327 0.029338 0.143235 0.292313 0.489945 2 0.292313 0.346710 2
0 0.435161 0.472592 0.022224 0.221423 0.435161 0.583303 2 0.435161 0.361880 2
0 0.013908 0.734650 0.026980 0.344155 0.013908 0.906728 2 0.013908 0.562573 2
0 0.902227 0.761558 0.038446 0.476884 0.902227 1.000000 2 0.902227 0.523116 2
0 0.432604 0.474972 0.011598 0.195772 0.432604 0.572858 2 0.432604 0.377086 2
0 0.632528 0.411909 0.013258 0.107263 0.632528 0.465541 2 0.632528 0.358278 2