0 0.655939 0.405421 0.082181 0.402723 0.655939 0.606783 2 0.655939 0.204059 2
0 0.200429 0.316760 0.025006 0.306568 0.200429 0.470044 2 0.200429 0.163476 2
0 0.143478 0.226785 0.031755 0.200966 0.143478 0.327268 2 0.143478 0.126302 2
0 0.612032 0.388437 0.026341 0.411595 0.612032 0.594234 2 0.612032 0.182639 2
0 0.105778 0.075218 0.017239 0.150436 0.105778 0.150436 2 0.105778 0.000000 2
0 0.735184 0.421608 0.057476 0.496981 0.735184 0.670098 2 0.735184 0.173117 2
0 0.327714 0.070488 0.026696 0.140975 0.327714 0.140975 2 0.327714 0.000001 2
0 0.536641 0.379055 0.023481 0.375223 0.536641 0.566666 2 0.536641 0.191443 2
0 0.795811 0.769612 0.266555 0.139954 0.795811 0.839589 2 0.795811 0.699635 2
0 0.130657 0.079687 0.015889 0.125325 0.130657 0.142349 2 0.130657 0.017024 2
0 0.228982 0.082923 0.019612 0.165845 0.228982 0.165845 2 0.228982 0.000001 2
0 0.260793 0.121473 0.019705 0.210450 0.260793 0.226698 2 0.260793 0.016248 2
0 0.821126 0.787088 0.329267 0.209213 0.821126 0.891695 2 0.821126 0.682481 2
0 0.457944 0.067727 0.015884 0.117303 0.457944 0.126379 2 0.457944 0.009075 2