0 0.054808 0.371838 0.018849 0.084669 0.054808 0.414172 2 0.054808 0.329504 2
0 0.148131 0.395938 0.019503 0.118691 0.148131 0.455284 2 0.148131 0.336593 2
0 0.123780 0.402575 0.013715 0.100146 0.123780 0.452648 2 0.123780 0.352502 2
0 0.256736 0.376221 0.014099 0.102203 0.256736 0.427323 2 0.256736 0.325120 2
0 0.302397 0.363838 0.014170 0.080724 0.302397 0.404200 2 0.302397 0.323476 2
0 0.073441 0.371779 0.013714 0.084887 0.073441 0.414223 2 0.073441 0.329336 2
0 0.696805 0.373641 0.014031 0.089264 0.696805 0.418273 2 0.696805 0.329009 2
0 0.425775 0.414462 0.025156 0.168790 0.425775 0.498857 2 0.425775 0.330067 2
0 0.237735 0.346212 0.012015 0.060516 0.237735 0.376470 2 0.237735 0.315954 2
0 0.549666 0.434595 0.021923 0.260438 0.549666 0.564814 2 0.549666 0.304376 2
0 0.398345 0.401132 0.027362 0.135572 0.398345 0.468918 2 0.398345 0.333346 2
0 0.950664 0.398677 0.013501 0.122852 0.950664 0.460103 2 0.950664 0.337251 2
0 0.683025 0.361865 0.011032 0.087763 0.683025 0.405747 2 0.683025 0.317983 2
0 0.966488 0.399634 0.014653 0.126403 0.966488 0.462835 2 0.966488 0.336433 2
0 0.783540 0.367305 0.014185 0.043904 0.783540 0.389257 2 0.783540 0.345353 2
0 0.355659 0.405904 0.023631 0.107651 0.355659 0.459730 2 0.355659 0.352078 2
0 0.977569 0.319545 0.014957 0.081775 0.977569 0.360433 2 0.977569 0.278658 2
0 0.884652 0.386668 0.015852 0.109145 0.884652 0.441241 2 0.884652 0.332095 2
0 0.873442 0.328880 0.011981 0.093619 0.873442 0.375690 2 0.873442 0.282071 2
0 0.340277 0.271466 0.009772 0.087274 0.340277 0.315103 2 0.340277 0.227829 2
0 0.842408 0.329374 0.017003 0.123010 0.842408 0.390879 2 0.842408 0.267869 2
0 0.451116 0.499776 0.088176 0.073511 0.451116 0.536532 2 0.451116 0.463021 2
0 0.719303 0.459621 0.065608 0.054781 0.719303 0.487011 2 0.719303 0.432231 2
0 0.277611 0.331293 0.006743 0.034755 0.277611 0.348670 2 0.277611 0.313916 2
0 0.837400 0.327487 0.017640 0.135553 0.837400 0.395263 2 0.837400 0.259710 2