0 0.721596 0.568802 0.084037 0.407605 0.721596 0.772605 2 0.721596 0.365000 2
0 0.267381 0.474271 0.025955 0.310836 0.267381 0.629689 2 0.267381 0.318853 2
0 0.677623 0.556580 0.025767 0.414090 0.677623 0.763625 2 0.677623 0.349535 2
0 0.170181 0.231719 0.017446 0.147316 0.170181 0.305377 2 0.170181 0.158061 2
0 0.399802 0.440154 0.023246 0.255093 0.399802 0.567700 2 0.399802 0.312607 2
0 0.600072 0.548744 0.026167 0.379143 0.600072 0.738316 2 0.600072 0.359173 2
0 0.802463 0.587047 0.056891 0.502977 0.802463 0.838535 2 0.802463 0.335558 2
0 0.311219 0.327947 0.040297 0.109433 0.311219 0.382663 2 0.311219 0.273230 2
0 0.327287 0.274941 0.019290 0.236886 0.327287 0.393384 2 0.327287 0.156498 2
0 0.398046 0.220134 0.017040 0.157001 0.398046 0.298635 2 0.398046 0.141633 2
0 0.295183 0.230496 0.024177 0.173323 0.295183 0.317157 2 0.295183 0.143835 2
0 0.862721 0.918290 0.274558 0.147446 0.862721 0.992013 2 0.862721 0.844567 2
0 0.005042 0.282825 0.010078 0.180271 0.005042 0.372960 2 0.005042 0.192690 2
0 0.198808 0.239941 0.012436 0.125631 0.198808 0.302756 2 0.198808 0.177125 2
0 0.857615 0.945630 0.231580 0.108739 0.857615 0.999999 2 0.857615 0.891261 2
0 0.025142 0.240485 0.015358 0.140171 0.025142 0.310570 2 0.025142 0.170400 2
0 0.328257 0.279732 0.011607 0.202996 0.328257 0.381230 2 0.328257 0.178234 2
0 0.523457 0.231628 0.014896 0.113718 0.523457 0.288487 2 0.523457 0.174769 2