0 0.522673 0.374883 0.017395 0.317253 0.522673 0.533510 2 0.522673 0.216257 2
0 0.552412 0.380069 0.058352 0.325987 0.552412 0.543063 2 0.552412 0.217075 2
0 0.328753 0.298960 0.040708 0.168901 0.328753 0.383410 2 0.328753 0.214510 2
0 0.011532 0.171680 0.019268 0.137684 0.011532 0.240522 2 0.011532 0.102838 2
0 0.613617 0.394489 0.042966 0.380109 0.613617 0.584543 2 0.613617 0.204434 2
0 0.145044 0.126348 0.015466 0.114585 0.145044 0.183640 2 0.145044 0.069055 2
0 0.464867 0.363937 0.019446 0.283814 0.464867 0.505844 2 0.464867 0.222030 2
0 0.666064 0.654101 0.222567 0.121887 0.666064 0.715045 2 0.666064 0.593158 2
0 0.903533 0.471867 0.061472 0.597117 0.903533 0.770425 2 0.903533 0.173308 2
0 0.311876 0.119778 0.016054 0.125361 0.311876 0.182458 2 0.311876 0.057097 2
0 0.158059 0.246216 0.019669 0.141817 0.158059 0.317124 2 0.158059 0.175308 2
0 0.235092 0.138860 0.016586 0.137521 0.235092 0.207621 2 0.235092 0.070100 2
0 0.265924 0.170657 0.026826 0.155611 0.265924 0.248463 2 0.265924 0.092852 2
0 0.257912 0.170003 0.016786 0.156596 0.257912 0.248301 2 0.257912 0.091705 2
0 0.816786 0.111908 0.020036 0.142795 0.816786 0.183306 2 0.816786 0.040510 2
0 0.409988 0.127099 0.013375 0.085866 0.409988 0.170032 2 0.409988 0.084166 2