0 0.381660 0.658928 0.023304 0.303930 0.381660 0.810893 2 0.381660 0.506963 2
0 0.836713 0.739492 0.083946 0.405754 0.836713 0.942369 2 0.836713 0.536615 2
0 0.044606 0.722186 0.042226 0.340994 0.044606 0.892683 2 0.044606 0.551689 2
0 0.513930 0.616306 0.021054 0.250436 0.513930 0.741524 2 0.513930 0.491088 2
0 0.112474 0.459518 0.022603 0.184983 0.112474 0.552010 2 0.112474 0.367026 2
0 0.793378 0.729342 0.025037 0.420215 0.793378 0.939450 2 0.793378 0.519235 2
0 0.406118 0.412731 0.023600 0.185445 0.406118 0.505454 2 0.406118 0.320009 2
0 0.714362 0.715521 0.022400 0.372528 0.714362 0.901785 2 0.714362 0.529257 2
0 0.506058 0.394728 0.018773 0.151799 0.506058 0.470628 2 0.506058 0.318829 2
0 0.079272 0.464345 0.018051 0.173178 0.079272 0.550934 2 0.079272 0.377756 2
0 0.286806 0.408935 0.019308 0.153403 0.286806 0.485637 2 0.286806 0.332233 2
0 0.318920 0.560022 0.019865 0.207669 0.318920 0.663857 2 0.318920 0.456188 2
0 0.919671 0.756296 0.061564 0.487408 0.919671 1.000000 2 0.919671 0.512592 2
0 0.451619 0.459976 0.022231 0.222738 0.451619 0.571345 2 0.451619 0.348607 2
0 0.438833 0.461577 0.019934 0.212768 0.438833 0.567961 2 0.438833 0.355193 2
0 0.014887 0.723937 0.029046 0.332104 0.014887 0.889989 2 0.014887 0.557885 2
0 0.028838 0.725713 0.057676 0.338197 0.028838 0.894812 2 0.028838 0.556615 2
0 0.637485 0.401002 0.017288 0.114129 0.637485 0.458067 2 0.637485 0.343938 2
0 0.138310 0.420173 0.021142 0.134934 0.138310 0.487640 2 0.138310 0.352706 2
0 0.008273 0.396836 0.016386 0.174048 0.008273 0.483860 2 0.008273 0.309812 2
0 0.991130 0.366328 0.015795 0.128199 0.991130 0.430427 2 0.991130 0.302229 2
0 0.005597 0.415839 0.010924 0.142989 0.005597 0.487334 2 0.005597 0.344344 2