0 0.381274 0.640190 0.024002 0.303169 0.381274 0.791775 2 0.381274 0.488606 2
0 0.836537 0.727439 0.083913 0.407404 0.836537 0.931141 2 0.836537 0.523737 2
0 0.043525 0.705426 0.048976 0.354121 0.043525 0.882486 2 0.043525 0.528366 2
0 0.513722 0.603145 0.020563 0.246387 0.513722 0.726338 2 0.513722 0.479952 2
0 0.713237 0.705317 0.021902 0.370554 0.713237 0.890594 2 0.713237 0.520040 2
0 0.791102 0.719725 0.021596 0.412893 0.791102 0.926171 2 0.791102 0.513278 2
0 0.404862 0.410347 0.025549 0.163953 0.404862 0.492324 2 0.404862 0.328371 2
0 0.111477 0.436580 0.021156 0.192373 0.111477 0.532767 2 0.111477 0.340394 2
0 0.506121 0.381367 0.018920 0.155520 0.506121 0.459127 2 0.506121 0.303607 2
0 0.078922 0.442163 0.018330 0.185188 0.078922 0.534757 2 0.078922 0.349569 2
0 0.917855 0.755995 0.063033 0.488010 0.917855 1.000000 2 0.917855 0.511990 2
0 0.317222 0.547737 0.020075 0.190457 0.317222 0.642966 2 0.317222 0.452509 2
0 0.438128 0.448570 0.014561 0.203014 0.438128 0.550077 2 0.438128 0.347063 2
0 0.007703 0.388336 0.015150 0.147507 0.007703 0.462090 2 0.007703 0.314582 2
0 0.139022 0.388880 0.022803 0.171886 0.139022 0.474823 2 0.139022 0.302937 2
0 0.637967 0.391136 0.013100 0.106524 0.637967 0.444398 2 0.637967 0.337874 2
0 0.442088 0.445893 0.013047 0.209178 0.442088 0.550482 2 0.442088 0.341304 2
0 0.453454 0.445957 0.017755 0.222120 0.453454 0.557017 2 0.453454 0.334897 2
0 0.632907 0.391520 0.013059 0.110715 0.632907 0.446877 2 0.632907 0.336162 2
0 0.022704 0.707590 0.045408 0.347954 0.022704 0.881567 2 0.022704 0.533613 2
0 0.455017 0.398812 0.013286 0.135151 0.455017 0.466388 2 0.455017 0.331236 2