0 0.062096 0.517794 0.048259 0.243211 0.062096 0.639400 2 0.062096 0.396188 2
0 0.132240 0.476745 0.015471 0.127062 0.132240 0.540276 2 0.132240 0.413214 2
0 0.159433 0.474804 0.018388 0.132138 0.159433 0.540873 2 0.159433 0.408735 2
0 0.610254 0.484689 0.015246 0.129987 0.610254 0.549682 2 0.610254 0.419695 2
0 0.418829 0.462814 0.012779 0.093797 0.418829 0.509713 2 0.418829 0.415915 2
0 0.010825 0.530320 0.021071 0.217484 0.010825 0.639062 2 0.010825 0.421578 2
0 0.262764 0.450172 0.011934 0.036191 0.262764 0.468268 2 0.262764 0.432077 2
0 0.384825 0.487903 0.031146 0.028297 0.384825 0.502051 2 0.384825 0.473754 2
0 0.309382 0.443681 0.008958 0.035908 0.309382 0.461635 2 0.309382 0.425727 2
0 0.711814 0.469395 0.010616 0.085934 0.711814 0.512362 2 0.711814 0.426428 2
0 0.557712 0.448744 0.011411 0.041055 0.557712 0.469271 2 0.557712 0.428216 2
0 0.589221 0.452651 0.011522 0.043999 0.589221 0.474651 2 0.589221 0.430652 2
0 0.907867 0.480537 0.015009 0.078903 0.907867 0.519988 2 0.907867 0.441086 2
0 0.257640 0.449867 0.008823 0.036091 0.257640 0.467913 2 0.257640 0.431822 2