0 0.022969 0.512996 0.045938 0.209715 0.022969 0.617854 2 0.022969 0.408139 2
0 0.856323 0.541729 0.044893 0.336307 0.856323 0.709882 2 0.856323 0.373576 2
0 0.120377 0.472412 0.016912 0.117827 0.120377 0.531326 2 0.120377 0.413498 2
0 0.511499 0.475787 0.013469 0.105187 0.511499 0.528381 2 0.511499 0.423194 2
0 0.094417 0.474646 0.014489 0.111488 0.094417 0.530390 2 0.094417 0.418902 2
0 0.473600 0.445585 0.010497 0.036945 0.473600 0.464058 2 0.473600 0.427113 2
0 0.298403 0.450822 0.008310 0.038678 0.298403 0.470161 2 0.298403 0.431483 2
0 0.440653 0.431508 0.008070 0.032992 0.440653 0.448004 2 0.440653 0.415012 2
0 0.221467 0.451925 0.009779 0.034360 0.221467 0.469105 2 0.221467 0.434745 2
0 0.543264 0.404001 0.012137 0.132246 0.543264 0.470124 2 0.543264 0.337878 2
0 0.214336 0.451770 0.007736 0.032116 0.214336 0.467828 2 0.214336 0.435712 2
0 0.314267 0.457289 0.011359 0.047193 0.314267 0.480886 2 0.314267 0.433692 2
0 0.985748 0.514320 0.015500 0.087367 0.985748 0.558003 2 0.985748 0.470637 2
0 0.535565 0.462878 0.008796 0.041225 0.535565 0.483490 2 0.535565 0.442266 2