0 0.091036 0.461777 0.028008 0.188010 0.091036 0.555782 2 0.091036 0.367772 2
0 0.843259 0.352961 0.025932 0.253324 0.843259 0.479623 2 0.843259 0.226299 2
0 0.306368 0.422916 0.010817 0.053763 0.306368 0.449798 2 0.306368 0.396035 2
0 0.770775 0.487593 0.018033 0.218537 0.770775 0.596862 2 0.770775 0.378325 2
0 0.055248 0.465346 0.021961 0.199636 0.055248 0.565164 2 0.055248 0.365528 2
0 0.231575 0.440022 0.011327 0.058891 0.231575 0.469468 2 0.231575 0.410577 2
0 0.468735 0.459126 0.016688 0.141893 0.468735 0.530072 2 0.468735 0.388180 2
0 0.245673 0.438742 0.013914 0.066582 0.245673 0.472033 2 0.245673 0.405451 2
0 0.821592 0.444978 0.020682 0.148823 0.821592 0.519389 2 0.821592 0.370566 2
0 0.329077 0.418215 0.010675 0.035692 0.329077 0.436061 2 0.329077 0.400369 2
0 0.935560 0.484027 0.013556 0.108216 0.935560 0.538135 2 0.935560 0.429919 2
0 0.690236 0.435501 0.010430 0.076668 0.690236 0.473835 2 0.690236 0.397167 2
0 0.413354 0.500883 0.050984 0.025285 0.413354 0.513525 2 0.413354 0.488240 2
0 0.896608 0.398226 0.025456 0.136768 0.896608 0.466610 2 0.896608 0.329842 2
0 0.738555 0.440752 0.009613 0.080211 0.738555 0.480857 2 0.738555 0.400646 2
0 0.191261 0.423616 0.013660 0.046082 0.191261 0.446657 2 0.191261 0.400575 2
0 0.843843 0.399698 0.018277 0.155460 0.843843 0.477428 2 0.843843 0.321968 2
0 0.195429 0.421105 0.013510 0.044595 0.195429 0.443403 2 0.195429 0.398807 2
0 0.430376 0.492930 0.013211 0.019902 0.430376 0.502881 2 0.430376 0.482979 2
0 0.201049 0.421848 0.009206 0.042648 0.201049 0.443172 2 0.201049 0.400524 2
0 0.383505 0.438444 0.012849 0.068125 0.383505 0.472506 2 0.383505 0.404382 2