0 0.396104 0.706827 0.026300 0.306367 0.396104 0.860011 2 0.396104 0.553643 2
0 0.850789 0.797243 0.086417 0.395923 0.850789 0.995205 2 0.850789 0.599282 2
0 0.058633 0.769243 0.044000 0.347716 0.058633 0.943101 2 0.058633 0.595385 2
0 0.528633 0.669498 0.023579 0.251924 0.528633 0.795460 2 0.528633 0.543536 2
0 0.729598 0.772505 0.022977 0.362886 0.729598 0.953948 2 0.729598 0.591062 2
0 0.125946 0.507331 0.022244 0.191904 0.125946 0.603283 2 0.125946 0.411379 2
0 0.806698 0.780627 0.023393 0.402516 0.806698 0.981885 2 0.806698 0.579369 2
0 0.521126 0.444101 0.021030 0.155219 0.521126 0.521710 2 0.521126 0.366492 2
0 0.300621 0.460330 0.018129 0.154188 0.300621 0.537424 2 0.300621 0.383236 2
0 0.335566 0.572139 0.024354 0.289876 0.335566 0.717077 2 0.335566 0.427201 2
0 0.094791 0.513350 0.022318 0.182800 0.094791 0.604750 2 0.094791 0.421950 2
0 0.423001 0.464253 0.018101 0.198311 0.423001 0.563408 2 0.423001 0.365098 2
0 0.935905 0.786578 0.054395 0.426844 0.935905 1.000000 2 0.935905 0.573156 2
0 0.456096 0.513723 0.019247 0.202775 0.456096 0.615111 2 0.456096 0.412336 2
0 0.463173 0.513225 0.022528 0.211941 0.463173 0.619196 2 0.463173 0.407255 2
0 0.453537 0.546804 0.013816 0.129949 0.453537 0.611779 2 0.453537 0.481829 2
0 0.924076 0.784114 0.026890 0.431772 0.924076 1.000000 2 0.924076 0.568228 2
0 0.450496 0.554406 0.011686 0.112058 0.450496 0.610435 2 0.450496 0.498377 2