0 0.428145 0.355402 0.017363 0.253453 0.428145 0.482128 2 0.428145 0.228676 2
0 0.455275 0.361986 0.044805 0.260170 0.455275 0.492071 2 0.455275 0.231901 2
0 0.503783 0.367824 0.030205 0.297672 0.503783 0.516660 2 0.503783 0.218988 2
0 0.541669 0.575267 0.178752 0.108871 0.541669 0.629702 2 0.541669 0.520832 2
0 0.174289 0.309124 0.020270 0.177791 0.174289 0.398020 2 0.174289 0.220228 2
0 0.255753 0.285525 0.018089 0.150165 0.255753 0.360607 2 0.255753 0.210442 2
0 0.382945 0.343772 0.014171 0.222581 0.382945 0.455063 2 0.382945 0.232482 2
0 0.742120 0.429482 0.035457 0.462493 0.742120 0.660728 2 0.742120 0.198235 2
0 0.140028 0.249335 0.013241 0.130926 0.140028 0.314798 2 0.140028 0.183872 2
0 0.197666 0.159437 0.011206 0.116013 0.197666 0.217444 2 0.197666 0.101430 2
0 0.122299 0.156960 0.011436 0.092623 0.122299 0.203271 2 0.122299 0.110648 2
0 0.958602 0.209295 0.014008 0.070613 0.958602 0.244601 2 0.958602 0.173989 2
0 0.219359 0.193675 0.014893 0.125647 0.219359 0.256499 2 0.219359 0.130852 2
0 0.258839 0.148351 0.012164 0.098835 0.258839 0.197769 2 0.258839 0.098934 2
0 0.664425 0.141760 0.014868 0.130493 0.664425 0.207006 2 0.664425 0.076513 2
0 0.665351 0.171129 0.011437 0.073717 0.665351 0.207987 2 0.665351 0.134271 2
0 0.335793 0.154590 0.009673 0.072301 0.335793 0.190741 2 0.335793 0.118440 2
0 0.012282 0.195861 0.019460 0.107615 0.012282 0.249669 2 0.012282 0.142053 2
0 0.738180 0.428492 0.061841 0.490777 0.738180 0.673880 2 0.738180 0.183103 2
0 0.332965 0.154840 0.009938 0.072626 0.332965 0.191153 2 0.332965 0.118527 2