0 0.267018 0.390356 0.027039 0.130164 0.267018 0.455438 2 0.267018 0.325274 2
0 0.824782 0.723816 0.080530 0.408347 0.824782 0.927990 2 0.824782 0.519643 2
0 0.030971 0.686751 0.053055 0.346275 0.030971 0.859889 2 0.030971 0.513613 2
0 0.371120 0.630728 0.021835 0.312231 0.371120 0.786843 2 0.371120 0.474612 2
0 0.498817 0.373699 0.024038 0.171640 0.498817 0.459519 2 0.498817 0.287879 2
0 0.504803 0.591771 0.021796 0.250253 0.504803 0.716898 2 0.504803 0.466645 2
0 0.102362 0.422377 0.020801 0.184945 0.102362 0.514849 2 0.102362 0.329904 2
0 0.310238 0.532634 0.020000 0.206300 0.310238 0.635784 2 0.310238 0.429484 2
0 0.781391 0.711545 0.027005 0.409722 0.781391 0.916406 2 0.781391 0.506684 2
0 0.069647 0.429588 0.021215 0.180130 0.069647 0.519653 2 0.069647 0.339523 2
0 0.707110 0.697699 0.022633 0.376266 0.707110 0.885832 2 0.707110 0.509566 2
0 0.397393 0.386318 0.018271 0.170799 0.397393 0.471718 2 0.397393 0.300918 2
0 0.441770 0.437654 0.022315 0.222060 0.441770 0.548684 2 0.441770 0.326624 2
0 0.914843 0.740100 0.067739 0.488989 0.914843 0.984595 2 0.914843 0.495605 2
0 0.299481 0.383779 0.015372 0.106166 0.299481 0.436862 2 0.299481 0.330696 2
0 0.428700 0.443740 0.012736 0.199006 0.428700 0.543243 2 0.428700 0.344237 2
0 0.898014 0.737325 0.046636 0.483412 0.898014 0.979031 2 0.898014 0.495619 2
0 0.432569 0.433054 0.022049 0.218966 0.432569 0.542537 2 0.432569 0.323571 2
0 0.892131 0.733382 0.024399 0.481157 0.892131 0.973961 2 0.892131 0.492803 2
0 0.627650 0.382580 0.013882 0.105299 0.627650 0.435229 2 0.627650 0.329930 2