0 0.839632 0.773081 0.081692 0.410620 0.839632 0.978391 2 0.839632 0.567771 2
0 0.045509 0.744574 0.042640 0.344488 0.045509 0.916818 2 0.045509 0.572330 2
0 0.383038 0.683399 0.024759 0.303626 0.383038 0.835212 2 0.383038 0.531586 2
0 0.290198 0.435519 0.017070 0.151394 0.290198 0.511216 2 0.290198 0.359822 2
0 0.114067 0.476151 0.022459 0.196795 0.114067 0.574549 2 0.114067 0.377753 2
0 0.510340 0.420314 0.021831 0.162628 0.510340 0.501628 2 0.510340 0.339000 2
0 0.515695 0.645963 0.022927 0.251070 0.515695 0.771498 2 0.515695 0.520428 2
0 0.795081 0.759415 0.026528 0.408933 0.795081 0.963881 2 0.795081 0.554948 2
0 0.716597 0.754928 0.025571 0.382190 0.716597 0.946023 2 0.716597 0.563833 2
0 0.081053 0.484361 0.020961 0.196266 0.081053 0.582494 2 0.081053 0.386228 2
0 0.322348 0.588996 0.020849 0.205846 0.322348 0.691919 2 0.322348 0.486073 2
0 0.440185 0.508333 0.013627 0.174645 0.440185 0.595656 2 0.440185 0.421011 2
0 0.453425 0.488527 0.020059 0.222110 0.453425 0.599582 2 0.453425 0.377472 2
0 0.409989 0.443411 0.021883 0.183045 0.409989 0.534933 2 0.409989 0.351888 2
0 0.009334 0.406131 0.018667 0.199130 0.009334 0.505696 2 0.009334 0.306566 2
0 0.312361 0.438194 0.014230 0.126507 0.312361 0.501447 2 0.312361 0.374940 2
0 0.023063 0.750372 0.046126 0.327546 0.023063 0.914145 2 0.023063 0.586599 2
0 0.443618 0.487711 0.014540 0.218776 0.443618 0.597099 2 0.443618 0.378323 2
0 0.140692 0.449455 0.018999 0.137357 0.140692 0.518134 2 0.140692 0.380776 2
0 0.993650 0.398135 0.011279 0.131187 0.993650 0.463728 2 0.993650 0.332542 2