0 0.733254716981132 0.29129166666666667 0.06781839622641508 0.3325625
0 0.036497641509433965 0.4328958333333333 0.05145047169811321 0.7788125
0 0.05070754716981132 0.45208333333333334 0.10141509433962265 0.26666666666666666
0 0.15507075471698112 0.235 0.01891509433962265 0.16564583333333338
0 0.16721698113207548 0.206625 0.010400943396226407 0.13970833333333335
0 0.31148584905660376 0.3772083333333333 0.014893867924528296 0.04247916666666664
0 0.3793160377358491 0.46920833333333334 0.023408018867924554 0.05797916666666663
0 0.4226650943396227 0.190375 0.01474056603773585 0.17241666666666663
0 0.4599528301886793 0.19502083333333334 0.021627358490566077 0.17991666666666664
0 0.6316037735849057 0.25033333333333335 0.0234551886792454 0.212625
0 0.6863443396226415 0.20102083333333332 0.0334669811320756 0.1918958333333333
0 0.8806721698113207 0.15310416666666665 0.03041273584905656 0.16491666666666666