0 0.24127358490566037 0.8031458333333333 0.030330188679245248 0.2910833333333334
0 0.3979716981132076 0.7754375 0.012511792452830205 0.10158333333333332
0 0.3806132075471698 0.7672916666666667 0.014716981132075493 0.2664791666666666
0 0.4946108490566038 0.9211041666666666 0.022240566037735866 0.09220833333333331
0 0.5261084905660377 0.6761666666666667 0.024728773584905692 0.06612500000000002
0 0.9882193396226415 0.9701041666666667 0.01172169811320761 0.059791666666666764
0 0.8967688679245284 0.96875 0.017488207547169725 0.0625
0 0.8832311320754718 0.69725 0.02630896226415088 0.22783333333333336
0 0.8252830188679245 0.7110416666666667 0.044740566037735914 0.24456249999999996
0 0.7641509433962265 0.8354166666666667 0.05660377358490566 0.32916666666666666
0 0.7343396226415094 0.8274375 0.022830188679245165 0.3451041666666666
0 0.6886792452830188 0.8197916666666667 0.02830188679245283 0.36041666666666666
0 0.6748938679245282 0.83675 0.06903301886792448 0.31841666666666674
0 0.6314858490566038 0.8333333333333334 0.024764150943396228 0.3333333333333333
0 0.5620872641509433 0.8432916666666667 0.020813679245282993 0.3133958333333335
0 0.19040094339622643 0.7198541666666666 0.01165094339622641 0.21325000000000002
0 0.3313089622641509 0.6218541666666667 0.029929245283018862 0.20385416666666673
0 0.3883844339622642 0.5553125 0.02615566037735843 0.15050000000000002
0 0.42147405660377363 0.6394583333333334 0.01747641509433968 0.04704166666666675
0 0.49443396226415093 0.5614166666666667 0.018808962264150998 0.11193750000000004
0 0.4715919811320755 0.5533333333333333 0.02132075471698118 0.13204166666666667
0 0.7042099056603773 0.5220833333333333 0.03228773584905673 0.16735416666666664
0 0.6760377358490566 0.5147083333333333 0.021061320754716863 0.1779583333333333
0 0.9170165094339623 0.5674583333333333 0.03029481132075478 0.20193750000000008
0 0.9480896226415094 0.5733125 0.0339858490566037 0.15931250000000005
0 0.1694811320754717 0.5624375 0.020058962264150933 0.14481249999999998
0 0.1986438679245283 0.569875 0.015813679245283048 0.09987499999999994