0 0.6943042452830188 0.7046250000000001 0.07525943396226407 0.35656249999999995
0 0.6585613207547171 0.6966458333333333 0.01790094339622649 0.37337500000000007
0 0.6015919811320755 0.6946041666666667 0.023950471698113145 0.34210416666666676
0 0.7588561320754716 0.7182499999999999 0.05852594339622654 0.4636666666666666
0 0.923372641509434 0.8169375 0.03379716981132085 0.10310416666666669
0 0.8831957547169812 0.562375 0.030330188679245314 0.24431249999999996
0 0.9275117924528301 0.5704999999999999 0.033844339622641564 0.20439583333333336
0 0.4354952830188679 0.6014375 0.02091981132075473 0.24270833333333333
0 0.4602122641509434 0.6182291666666667 0.010872641509433994 0.07525000000000001
0 0.5457193396226415 0.7478750000000001 0.012688679245283009 0.09718749999999995
0 0.3033844339622641 0.631125 0.02637971698113208 0.2821874999999999
0 0.26495283018867927 0.5441874999999999 0.024375000000000018 0.20431250000000004
0 0.3879834905660377 0.460875 0.028419811320754745 0.21158333333333335
0 0.35391509433962265 0.40275 0.023879716981132077 0.20041666666666663
0 0.4562146226415094 0.3923333333333333 0.02952830188679241 0.1741458333333334
0 0.4936202830188679 0.488875 0.017193396226415143 0.05022916666666669
0 0.5887617924528301 0.5187916666666667 0.017759433962264086 0.05568749999999998
0 0.06551886792452831 0.45135416666666667 0.02541273584905661 0.18168749999999995
0 0.7674292452830188 0.38095833333333334 0.02952830188679241 0.1803958333333334
0 0.7398702830188679 0.3681041666666667 0.023632075471698072 0.16012500000000002
0 0.9751650943396227 0.43502083333333336 0.019445754716981144 0.20697916666666671
0 0.9909198113207547 0.39964583333333337 0.018148584905660497 0.1453125
0 0.24681603773584906 0.4141875 0.017841981132075465 0.14720833333333327