0 0.30546875 0.5140625 0.0171875 0.165625
0 0.5703125 0.79296875 0.01953125 0.31015625
0 0.55625 0.67265625 0.015625 0.26015625
0 0.6296875 0.63359375 0.02734375 0.2328125
0 0.75390625 0.5859375 0.02421875 0.21640625
0 0.6984375 0.534375 0.02890625 0.2125
0 0.63828125 0.5078125 0.0265625 0.1703125
0 0.85390625 0.7203125 0.0203125 0.296875
0 0.67421875 0.90859375 0.03046875 0.18203125
0 0.4203125 0.60390625 0.009375 0.22578125
0 0.4328125 0.56015625 0.01953125 0.20234375
0 0.365625 0.46953125 0.0125 0.13515625
0 0.32109375 0.4125 0.015625 0.1203125
0 0.24453125 0.415625 0.01796875 0.13359375
0 0.2015625 0.43359375 0.01640625 0.096875
0 0.48203125 0.496875 0.021875 0.1796875
0 0.52421875 0.48515625 0.01015625 0.13515625
0 0.5203125 0.45703125 0.01171875 0.13125
0 0.5859375 0.47890625 0.01875 0.146875
0 0.834375 0.490625 0.025 0.18046875
0 0.875 0.509375 0.03125 0.184375
0 0.9 0.6734375 0.0171875 0.2578125
0 0.959375 0.8375 0.0234375 0.3109375
0 0.921875 0.54921875 0.03203125 0.228125
0 0.93984375 0.45078125 0.0234375 0.1515625
0 0.7875 0.46875 0.015625 0.1578125
0 0.77421875 0.46171875 0.0140625 0.1296875
0 0.753125 0.59609375 0.0140625 0.21171875