0 0.665625 0.55546875 0.04453125 0.790625
0 0.23671875 0.45 0.0484375 0.65859375
0 0.1640625 0.41484375 0.0890625 0.496875
0 0.0359375 0.528125 0.025 0.94375
0 0.721875 0.42265625 0.07109375 0.4390625
0 0.54296875 0.3984375 0.02890625 0.2984375
0 0.5703125 0.42265625 0.01640625 0.28359375
0 0.58515625 0.41484375 0.02109375 0.2734375
0 0.3015625 0.4484375 0.0671875 0.5875
0 0.35078125 0.44921875 0.06015625 0.58828125
0 0.43203125 0.41328125 0.03125 0.27109375
0 0.4890625 0.36484375 0.0359375 0.25390625
0 0.40546875 0.34375 0.021875 0.23984375
0 0.0765625 0.35859375 0.02265625 0.3109375
0 0.21875 0.3375 0.015625 0.19375