0 0.022969 0.512996 0.045938 0.209715
0 0.856323 0.541729 0.044893 0.336307
0 0.120377 0.472412 0.016912 0.117827
0 0.511499 0.475787 0.013469 0.105187
0 0.094417 0.474646 0.014489 0.111488
0 0.473600 0.445585 0.010497 0.036945
0 0.298403 0.450822 0.008310 0.038678
0 0.440653 0.431508 0.008070 0.032992
0 0.221467 0.451925 0.009779 0.034360
0 0.543264 0.404001 0.012137 0.132246
0 0.214336 0.451770 0.007736 0.032116
0 0.314267 0.457289 0.011359 0.047193
0 0.985748 0.514320 0.015500 0.087367
0 0.535565 0.462878 0.008796 0.041225