0 0.771544 0.699637 0.084627 0.411350
0 0.223709 0.359941 0.014270 0.145734
0 0.727833 0.686773 0.026085 0.411020
0 0.318305 0.603136 0.028013 0.315417
0 0.256683 0.508799 0.019952 0.205290
0 0.450351 0.574900 0.022366 0.252732
0 0.015451 0.406257 0.024073 0.190048
0 0.650401 0.674816 0.026637 0.372480
0 0.855050 0.722268 0.064724 0.500811
0 0.050473 0.399391 0.023496 0.192350
0 0.447379 0.354571 0.015454 0.140244
0 0.389570 0.408371 0.019626 0.229217
0 0.249505 0.360029 0.013881 0.119906
0 0.377651 0.410415 0.011355 0.214428
0 0.356200 0.385171 0.021658 0.190788
0 0.577189 0.363246 0.013956 0.113895
0 0.394373 0.397270 0.016616 0.215210