0 0.822658 0.749761 0.085392 0.406664
0 0.027451 0.718957 0.045206 0.338693
0 0.366561 0.663268 0.024232 0.302078
0 0.273445 0.413167 0.017312 0.147136
0 0.097199 0.463539 0.021779 0.174976
0 0.064643 0.469736 0.021800 0.171107
0 0.493817 0.398057 0.021049 0.160892
0 0.779407 0.735262 0.025768 0.409235
0 0.699396 0.727154 0.023622 0.372107
0 0.499150 0.622180 0.021236 0.254025
0 0.305345 0.566040 0.017765 0.206110
0 0.911808 0.760832 0.070318 0.478336
0 0.391543 0.413725 0.019937 0.169806
0 0.424234 0.501732 0.015113 0.137326
0 0.436793 0.466038 0.020234 0.214974
0 0.122671 0.424773 0.020021 0.142218
0 0.428675 0.463237 0.017122 0.218068
0 0.295046 0.419656 0.014009 0.132389
0 0.628989 0.408710 0.015145 0.103566