0 0.723324 0.705974 0.077407 0.385664
0 0.627386 0.693077 0.023157 0.342083
0 0.330325 0.640509 0.020730 0.285990
0 0.127723 0.433518 0.021209 0.137135
0 0.794191 0.377978 0.032897 0.166524
0 0.092349 0.462690 0.019809 0.183336
0 0.765112 0.373949 0.019954 0.163157
0 0.783625 0.712295 0.058470 0.444871
0 0.908425 0.563926 0.028326 0.238622
0 0.570861 0.747606 0.012915 0.099422
0 0.485962 0.621944 0.010883 0.072101
0 0.463504 0.609679 0.017152 0.243819
0 0.381700 0.413478 0.016424 0.170441
0 0.955450 0.563690 0.026660 0.219324
0 0.682460 0.699757 0.023609 0.383460
0 0.991210 0.423191 0.017580 0.190693
0 0.518514 0.491097 0.012939 0.060949
0 0.286297 0.555143 0.017044 0.203960
0 0.948194 0.813981 0.014715 0.100464
0 0.273233 0.417120 0.016464 0.146609
0 0.480664 0.405886 0.019993 0.150416
0 0.569603 0.410340 0.013853 0.129014
0 0.010798 0.748267 0.021296 0.209804
0 0.419060 0.469222 0.026213 0.211314
0 0.611558 0.524219 0.012929 0.061740
0 0.594436 0.411469 0.013604 0.126437
0 0.059171 0.460362 0.022637 0.201862
0 0.487066 0.602411 0.015111 0.106731
0 0.763435 0.709462 0.019988 0.443285
0 0.298414 0.430852 0.016649 0.135617