0 0.379386 0.687461 0.023894 0.303314
0 0.042522 0.749446 0.046323 0.336792
0 0.837251 0.765579 0.084963 0.399857
0 0.512733 0.646540 0.022669 0.251816
0 0.108799 0.489288 0.024073 0.178965
0 0.712936 0.748610 0.022361 0.374931
0 0.076626 0.494188 0.019926 0.171010
0 0.285016 0.439387 0.019300 0.150530
0 0.791651 0.758056 0.023061 0.411834
0 0.405536 0.444697 0.017066 0.167970
0 0.504983 0.424865 0.021028 0.156036
0 0.315665 0.587132 0.020353 0.209312
0 0.433918 0.523237 0.015279 0.142887
0 0.918516 0.774215 0.058567 0.451569
0 0.026992 0.754179 0.053984 0.341890
0 0.990621 0.398241 0.014974 0.130444
0 0.437439 0.493229 0.021443 0.209188
0 0.447593 0.489910 0.025670 0.218508
0 0.872505 0.419240 0.016072 0.111031
0 0.006541 0.411945 0.012770 0.199240