0 0.839632 0.773081 0.081692 0.410620
0 0.045509 0.744574 0.042640 0.344488
0 0.383038 0.683399 0.024759 0.303626
0 0.290198 0.435519 0.017070 0.151394
0 0.114067 0.476151 0.022459 0.196795
0 0.510340 0.420314 0.021831 0.162628
0 0.515695 0.645963 0.022927 0.251070
0 0.795081 0.759415 0.026528 0.408933
0 0.716597 0.754928 0.025571 0.382190
0 0.081053 0.484361 0.020961 0.196266
0 0.322348 0.588996 0.020849 0.205846
0 0.440185 0.508333 0.013627 0.174645
0 0.453425 0.488527 0.020059 0.222110
0 0.409989 0.443411 0.021883 0.183045
0 0.009334 0.406131 0.018667 0.199130
0 0.312361 0.438194 0.014230 0.126507
0 0.023063 0.750372 0.046126 0.327546
0 0.443618 0.487711 0.014540 0.218776
0 0.140692 0.449455 0.018999 0.137357
0 0.993650 0.398135 0.011279 0.131187