0 0.348304 0.621160 0.023810 0.307557
0 0.804204 0.716551 0.087420 0.410304
0 0.261981 0.378386 0.025654 0.137963
0 0.079992 0.414022 0.021808 0.184723
0 0.481475 0.585665 0.022787 0.251531
0 0.760443 0.703326 0.025208 0.418312
0 0.681393 0.693022 0.023580 0.372170
0 0.373909 0.384510 0.021451 0.182429
0 0.047150 0.420354 0.021644 0.182069
0 0.286288 0.523872 0.023536 0.207557
0 0.889384 0.735396 0.073291 0.493101
0 0.417890 0.424491 0.028651 0.230801
0 0.016588 0.642125 0.032073 0.432629
0 0.468742 0.365177 0.029899 0.133394
0 0.408483 0.422954 0.021877 0.236251
0 0.272775 0.377700 0.014175 0.139154
0 0.959310 0.340031 0.019830 0.151301