0 0.742719 0.654740 0.083187 0.414875
0 0.292340 0.557272 0.026174 0.308779
0 0.021887 0.351678 0.022664 0.182960
0 0.425282 0.521390 0.024650 0.249547
0 0.626511 0.623274 0.024677 0.374036
0 0.203975 0.309742 0.023207 0.145559
0 0.413499 0.309149 0.023404 0.132106
0 0.228839 0.459540 0.018824 0.197524
0 0.830294 0.670841 0.062496 0.497496
0 0.701746 0.642464 0.025422 0.428114
0 0.320303 0.330161 0.019437 0.209875
0 0.220611 0.313232 0.013276 0.140139
0 0.548832 0.311100 0.013599 0.104124
0 0.809315 0.670299 0.027245 0.504432