0 0.062096 0.517794 0.048259 0.243211
0 0.132240 0.476745 0.015471 0.127062
0 0.159433 0.474804 0.018388 0.132138
0 0.610254 0.484689 0.015246 0.129987
0 0.418829 0.462814 0.012779 0.093797
0 0.010825 0.530320 0.021071 0.217484
0 0.262764 0.450172 0.011934 0.036191
0 0.384825 0.487903 0.031146 0.028297
0 0.309382 0.443681 0.008958 0.035908
0 0.711814 0.469395 0.010616 0.085934
0 0.557712 0.448744 0.011411 0.041055
0 0.589221 0.452651 0.011522 0.043999
0 0.907867 0.480537 0.015009 0.078903
0 0.257640 0.449867 0.008823 0.036091