0 0.359410 0.654501 0.026789 0.306774
0 0.812962 0.746915 0.080445 0.409365
0 0.493183 0.613767 0.024485 0.248161
0 0.694099 0.715720 0.023366 0.374819
0 0.264803 0.406869 0.017730 0.149247
0 0.088258 0.456064 0.022308 0.178197
0 0.484354 0.393155 0.020369 0.159441
0 0.056125 0.462623 0.021301 0.168841
0 0.296027 0.556908 0.019774 0.203861
0 0.770292 0.732722 0.022955 0.419212
0 0.430879 0.460407 0.023410 0.217290
0 0.897758 0.756277 0.062448 0.487446
0 0.385174 0.405107 0.019663 0.195711
0 0.286382 0.407807 0.014645 0.129172
0 0.416300 0.460076 0.018813 0.221837
0 0.965562 0.350695 0.020867 0.169079
0 0.415245 0.460697 0.011162 0.200259
0 0.878512 0.751901 0.027001 0.476072