0 0.396104 0.706827 0.026300 0.306367
0 0.850789 0.797243 0.086417 0.395923
0 0.058633 0.769243 0.044000 0.347716
0 0.528633 0.669498 0.023579 0.251924
0 0.729598 0.772505 0.022977 0.362886
0 0.125946 0.507331 0.022244 0.191904
0 0.806698 0.780627 0.023393 0.402516
0 0.521126 0.444101 0.021030 0.155219
0 0.300621 0.460330 0.018129 0.154188
0 0.335566 0.572139 0.024354 0.289876
0 0.094791 0.513350 0.022318 0.182800
0 0.423001 0.464253 0.018101 0.198311
0 0.935905 0.786578 0.054395 0.426844
0 0.456096 0.513723 0.019247 0.202775
0 0.463173 0.513225 0.022528 0.211941
0 0.453537 0.546804 0.013816 0.129949
0 0.924076 0.784114 0.026890 0.431772
0 0.450496 0.554406 0.011686 0.112058