0 0.267018 0.390356 0.027039 0.130164
0 0.824782 0.723816 0.080530 0.408347
0 0.030971 0.686751 0.053055 0.346275
0 0.371120 0.630728 0.021835 0.312231
0 0.498817 0.373699 0.024038 0.171640
0 0.504803 0.591771 0.021796 0.250253
0 0.102362 0.422377 0.020801 0.184945
0 0.310238 0.532634 0.020000 0.206300
0 0.781391 0.711545 0.027005 0.409722
0 0.069647 0.429588 0.021215 0.180130
0 0.707110 0.697699 0.022633 0.376266
0 0.397393 0.386318 0.018271 0.170799
0 0.441770 0.437654 0.022315 0.222060
0 0.914843 0.740100 0.067739 0.488989
0 0.299481 0.383779 0.015372 0.106166
0 0.428700 0.443740 0.012736 0.199006
0 0.898014 0.737325 0.046636 0.483412
0 0.432569 0.433054 0.022049 0.218966
0 0.892131 0.733382 0.024399 0.481157
0 0.627650 0.382580 0.013882 0.105299