0 0.361663 0.659070 0.024545 0.305585
0 0.816571 0.746487 0.083654 0.410281
0 0.024219 0.722479 0.048438 0.342966
0 0.494779 0.616129 0.023924 0.252733
0 0.089574 0.460499 0.022555 0.185266
0 0.694680 0.720519 0.023919 0.370900
0 0.265830 0.406672 0.018855 0.147412
0 0.057852 0.467950 0.021167 0.168338
0 0.773376 0.729014 0.022212 0.416888
0 0.486545 0.396758 0.018751 0.159012
0 0.297509 0.557897 0.020004 0.200669
0 0.428152 0.462628 0.022299 0.217356
0 0.386674 0.414659 0.018205 0.190739
0 0.900259 0.756858 0.058650 0.486284
0 0.288721 0.413729 0.014241 0.124646
0 0.417974 0.460966 0.015882 0.216584
0 0.119778 0.413981 0.022663 0.156893
0 0.855077 0.388862 0.016874 0.116907