0 0.381274 0.640190 0.024002 0.303169
0 0.836537 0.727439 0.083913 0.407404
0 0.043525 0.705426 0.048976 0.354121
0 0.513722 0.603145 0.020563 0.246387
0 0.713237 0.705317 0.021902 0.370554
0 0.791102 0.719725 0.021596 0.412893
0 0.404862 0.410347 0.025549 0.163953
0 0.111477 0.436580 0.021156 0.192373
0 0.506121 0.381367 0.018920 0.155520
0 0.078922 0.442163 0.018330 0.185188
0 0.917855 0.755995 0.063033 0.488010
0 0.317222 0.547737 0.020075 0.190457
0 0.438128 0.448570 0.014561 0.203014
0 0.007703 0.388336 0.015150 0.147507
0 0.139022 0.388880 0.022803 0.171886
0 0.637967 0.391136 0.013100 0.106524
0 0.442088 0.445893 0.013047 0.209178
0 0.453454 0.445957 0.017755 0.222120
0 0.632907 0.391520 0.013059 0.110715
0 0.022704 0.707590 0.045408 0.347954
0 0.455017 0.398812 0.013286 0.135151