0 0.694229 0.483004 0.080561 0.405844
0 0.241332 0.387293 0.024743 0.313203
0 0.377818 0.352802 0.025305 0.254669
0 0.577000 0.449957 0.023803 0.376858
0 0.151949 0.142367 0.021822 0.150907
0 0.653407 0.466686 0.024743 0.425336
0 0.330569 0.170620 0.057406 0.217734
0 0.365605 0.129900 0.025346 0.155113
0 0.841741 0.845058 0.275305 0.130996
0 0.183731 0.292580 0.029022 0.201089
0 0.781187 0.497936 0.065347 0.499303
0 0.269816 0.155246 0.018926 0.176834
0 0.170176 0.153018 0.014442 0.122928
0 0.843436 0.861572 0.313128 0.221305
0 0.299483 0.182513 0.013618 0.158920
0 0.497397 0.142755 0.011810 0.103619
0 0.765772 0.497432 0.044509 0.485533
0 0.503042 0.142655 0.014777 0.102713