0 0.392145 0.703961 0.026459 0.306623
0 0.845134 0.799579 0.080381 0.400841
0 0.053557 0.769849 0.047648 0.345066
0 0.525183 0.667967 0.024094 0.248100
0 0.122189 0.503141 0.021683 0.185822
0 0.726291 0.764661 0.024487 0.369283
0 0.089630 0.510444 0.019691 0.173955
0 0.517156 0.442724 0.020309 0.155033
0 0.328981 0.607927 0.020976 0.208859
0 0.804756 0.784109 0.022099 0.415762
0 0.297805 0.460177 0.018207 0.151881
0 0.462186 0.507056 0.021525 0.226052
0 0.920528 0.784541 0.038709 0.430918
0 0.935121 0.784240 0.053462 0.431520
0 0.646189 0.453364 0.014612 0.114403
0 0.448934 0.510862 0.014224 0.214533
0 0.419473 0.465813 0.013723 0.190779
0 0.008874 0.774807 0.017254 0.334748
0 0.650836 0.455444 0.015333 0.112972
0 0.799020 0.795923 0.020408 0.386262