0 0.3869457547169811 0.38387499999999997 0.024304245283018885 0.25327083333333333
0 0.2535377358490566 0.4375833333333333 0.02205188679245282 0.30452083333333335
0 0.5847051886792453 0.479 0.02503537735849059 0.3746458333333333
0 0.6634905660377358 0.50125 0.025707547169811266 0.4227708333333334
0 0.7079245283018869 0.511375 0.07253537735849055 0.4339791666666667
0 0.777004716981132 0.5197499999999999 0.020990566037735796 0.47789583333333324
0 0.8530424528301886 0.86175 0.275625 0.1419583333333333
0 0.3109316037735849 0.23079166666666667 0.013773584905660318 0.17716666666666672
0 0.3368396226415094 0.2353125 0.04817216981132078 0.19343749999999998
0 0.3748231132075472 0.14991666666666664 0.025707547169811266 0.17120833333333335
0 0.1789504716981132 0.18547916666666667 0.015412735849056596 0.14270833333333333
0 0.15880896226415092 0.17110416666666667 0.024351415094339614 0.15741666666666668