0 0.3175 0.5783124999999999 0.027948113207547223 0.28706249999999994
0 0.4472877358490566 0.5441458333333333 0.02193396226415097 0.25675000000000003
0 0.47495283018867923 0.5679583333333333 0.015731132075471735 0.07433333333333329
0 0.552936320754717 0.6964583333333334 0.026084905660377362 0.1121250000000001
0 0.6153773584905661 0.6360833333333333 0.01663915094339611 0.33739583333333323
0 0.6701061320754716 0.6437083333333333 0.030742924528301813 0.41422916666666676
0 0.7118632075471698 0.6473333333333334 0.06606132075471696 0.39610416666666665
0 0.7587735849056605 0.6449583333333333 0.08604952830188682 0.42939583333333337
0 0.8936556603773586 0.5093333333333333 0.017417452830188657 0.22879166666666664
0 0.9401650943396226 0.5027708333333334 0.02430424528301875 0.21568750000000006
0 0.7807193396226415 0.32616666666666666 0.030459905660377273 0.17408333333333334
0 0.7569103773584905 0.3187083333333333 0.01872641509433975 0.1591666666666667
0 0.5066155660377358 0.43670833333333337 0.01240566037735847 0.07087499999999997
0 0.5958136792452831 0.4592708333333333 0.012370283018867936 0.07070833333333333
0 0.6067688679245282 0.4711666666666667 0.009681603773584948 0.05466666666666668
0 0.27794811320754714 0.4907916666666666 0.024716981132075447 0.20258333333333328
0 0.25101415094339624 0.3627708333333333 0.01801886792452827 0.1386041666666666
0 0.08024764150943396 0.407875 0.016933962264150934 0.1653958333333333
0 0.4049882075471698 0.41141666666666665 0.015259433962264216 0.20510416666666664
0 0.49527122641509436 0.3644375 0.06661556603773586 0.1237916666666667
0 0.5557075471698113 0.35170833333333335 0.012158018867924465 0.1418333333333333
0 0.5803183962264151 0.3465416666666667 0.012158018867924465 0.11879166666666663
0 0.936438679245283 0.7467916666666666 0.019929245283018975 0.11858333333333325
0 0.7710849056603774 0.9392291666666667 0.24705188679245282 0.10129166666666668