0 0.5083924329501915 0.8633043291438393 0.028279166666666574 0.12128048125469963
0 0.47004458812260536 0.854901879901171 0.04353750000000005 0.17322616822429915
0 0.7350840517241379 0.5915847459447846 0.02572361111111121 0.16565955526909448
0 0.7023467432950191 0.5915243312922978 0.02921455938697311 0.17585132667311193
0 0.37751623563218395 0.6008600708991299 0.019400287356321873 0.1292096680631647
0 0.3520994252873563 0.6010883231281555 0.016459386973180064 0.11935357181222482
0 0.3579344827586207 0.4999663981093566 0.026213793103448305 0.13711195617144706
0 0.32540483716475094 0.49741179503706084 0.024372892720306537 0.1457527983671715
0 0.2344741379310345 0.5774888817273606 0.020672461685823745 0.15465540874422606
0 0.20143189655172417 0.5755283703942421 0.017806369731800765 0.1644846062949833
0 0.7011849616858238 0.40483334407562577 0.017312452107279816 0.15653530991513587
0 0.3108162835249042 0.33694875926522716 0.027762835249042203 0.12389223332259103
0 0.29005402298850574 0.33437060908797933 0.01880536398467427 0.12904853367708669
0 0.2639150862068966 0.32543439682028147 0.027830172413793146 0.12836369105167042
0 0.23894353448275868 0.32909683102374043 0.02003261494252874 0.12881349231926087
0 0.14945522030651343 0.3083340423246321 0.024964080459770107 0.12853823181867005
0 0.12152404214559387 0.31390989365130517 0.022741570881226043 0.1293775056397035
0 0.07849918582375477 0.8678631002255881 0.015235871647509568 0.08571008701256862
0 0.047329597701149424 0.8766415297024386 0.02952509578544062 0.07920429691696214
0 0.049793486590038315 0.38527566870770225 0.017211446360153253 0.12429502631861636
0 0.027093055555555558 0.39029773337630247 0.021619061302682 0.144651670426469