0 0.4167410476190476 0.776022262347318 0.027132952380952348 0.26048858204992026
0 0.1605980476190476 0.7923083590015934 0.022783380952380958 0.24774296335634635
0 0.13758833333333334 0.6768482634094529 0.021208476190476173 0.203758428040361
0 0.22454428571428572 0.7386539776951673 0.012580619047619084 0.22823732342007444
0 0.23708614285714283 0.7274932342007434 0.01702938095238095 0.2144129155602762
0 0.2805772380952381 0.7032439298990971 0.027821190476190485 0.19707029208709514
0 0.39638361904761904 0.6121797132235793 0.013402142857142963 0.16505686670207115
0 0.4382393809523809 0.5518371959638875 0.01616133333333328 0.12651020711630379
0 0.48225447619047623 0.5256627084439724 0.012127999999999991 0.12797620817843877
0 0.49129619047619044 0.5293746574614976 0.011163809523809458 0.14389718534253843
0 0.5281265714285713 0.49448463090812533 0.011808666666666726 0.13359668613913966