0 0.47357311320754714 0.577375 0.031426886792452806 0.2489375
0 0.33658018867924533 0.6119791666666666 0.02816037735849056 0.28918749999999993
0 0.27108490566037735 0.518 0.019209905660377384 0.20083333333333328
0 0.6725 0.6908541666666667 0.01602594339622632 0.3798958333333334
0 0.73375 0.7003125 0.052417452830188734 0.42418750000000005
0 0.7879009433962264 0.6967708333333333 0.07456367924528304 0.4641875000000001
0 0.8710259433962264 0.71775 0.07879716981132068 0.5369583333333333
0 0.07317216981132076 0.419125 0.02636792452830188 0.19152083333333333
0 0.03527122641509434 0.4293125 0.025424528301886788 0.18470833333333328
0 0.3681014150943396 0.379125 0.020459905660377385 0.18760416666666668
0 0.4642924528301887 0.36166666666666664 0.021084905660377355 0.15631250000000005
0 0.4060377358490566 0.458375 0.03481132075471696 0.2229166666666666