0 0.6797051886792452 0.5130625000000001 0.046521226415094395 0.47056250000000005
0 0.519127358490566 0.6446666666666666 0.16364386792452829 0.07408333333333346
0 0.5254716981132076 0.4592708333333333 0.038573113207547215 0.2881875000000001
0 0.47767688679245285 0.46170833333333333 0.054162735849056544 0.24185416666666673
0 0.2463797169811321 0.4160833333333333 0.027665094339622616 0.17960416666666662
0 0.33029481132075467 0.392125 0.03402122641509436 0.12997916666666665
0 0.21117924528301887 0.3600625 0.023030660377358524 0.15983333333333327
0 0.2905188679245283 0.31177083333333333 0.02119103773584909 0.12302083333333336
0 0.41838443396226416 0.34589583333333335 0.011969339622641482 0.04266666666666671
0 0.41386792452830184 0.3407291666666667 0.0106721698113207 0.03914583333333337
0 0.03600235849056604 0.44725000000000004 0.03778301886792452 0.21862499999999993
0 0.6218396226415095 0.5222083333333333 0.012075471698113219 0.06216666666666661
0 0.7754716981132076 0.6214583333333333 0.018997641509433845 0.11052083333333323
0 0.7545283018867925 0.561875 0.014257075471698017 0.11816666666666673
0 0.5973584905660377 0.36664583333333334 0.019834905660377416 0.16124999999999995
0 0.6261674528301887 0.3721041666666667 0.024103773584905723 0.1414791666666666
0 0.3895518867924528 0.48497916666666663 0.011132075471698177 0.0669583333333333