0 0.6893750000000001 0.7252916666666667 0.037547169811320655 0.39081250000000006
0 0.7640801886792453 0.7358333333333333 0.0526297169811322 0.42277083333333326
0 0.8188207547169811 0.7526041666666666 0.08110849056603771 0.42912500000000003
0 0.8771816037735849 0.7459791666666666 0.03374999999999987 0.4901458333333333
0 0.8995872641509435 0.7459166666666667 0.10110849056603774 0.5081458333333333
0 0.49536556603773585 0.6120416666666666 0.023808962264151006 0.24400000000000002
0 0.3592334905660377 0.6540625 0.03148584905660383 0.319
0 0.3023231132075472 0.5607500000000001 0.029433962264150952 0.20118750000000005
0 0.4324882075471698 0.4774375 0.02520047169811321 0.23566666666666675
0 0.48548349056603773 0.3945625 0.018408018867924543 0.16772916666666665
0 0.26790094339622644 0.4066458333333333 0.012900943396226413 0.15568750000000003
0 0.08880896226415094 0.4665416666666667 0.023867924528301897 0.1686041666666666
0 0.11910377358490566 0.43812500000000004 0.02088443396226416 0.13529166666666667
0 0.026391509433962266 0.7195625 0.04873820754716981 0.3394791666666668