0 0.36683962264150943 0.5958333333333333 0.04049528301886796 0.29856249999999995
0 0.49949292452830185 0.5451250000000001 0.023808962264151006 0.25331250000000005
0 0.517193396226415 0.563625 0.011002358490566086 0.07291666666666667
0 0.6205778301886793 0.6996875 0.015766509433962135 0.08779166666666664
0 0.6475707547169811 0.4517916666666667 0.02257075471698125 0.06843750000000005
0 0.6838443396226415 0.645875 0.033620283018867915 0.3605833333333334
0 0.7481367924528302 0.6338958333333333 0.02580188679245296 0.4217708333333334
0 0.7936202830188679 0.6558541666666666 0.07267688679245296 0.4022916666666667
0 0.7995400943396226 0.7110416666666667 0.05170990566037725 0.5778958333333333
0 0.8671108490566037 0.6806666666666668 0.050471698113207494 0.5135208333333333
0 0.9574646226415093 0.49170833333333336 0.0383844339622641 0.25333333333333324
0 0.5446580188679245 0.42472916666666666 0.01568396226415089 0.06504166666666672
0 0.4447169811320755 0.4248125 0.03525943396226412 0.22102083333333328
0 0.5024292452830189 0.33622916666666663 0.02044811320754721 0.15979166666666664
0 0.40260613207547175 0.35997916666666663 0.014599056603773579 0.20004166666666662
0 0.2868985849056604 0.3589583333333334 0.015978773584905674 0.14725000000000002